132 64
10 56
90 42 2 8 0
29 32 3 8 0
124 40 2 8 0
41 42 2 8 0
127 45 2 8 0
25 34 2 8 0
2 50 2 8 0
120 42 2 8 0
78 45 2 8 0
97 58 2 8 0
55 61 2 8 0
113 39 2 7 0
30 4 2 8 0
71 42 2 8 0
112 43 1 9 0
131 56 3 8 0
29 45 3 8 0
48 58 2 8 0
122 7 2 8 0
6 61 2 8 0
64 2 2 8 0
105 40 2 8 0
124 53 1 8 0
22 5 2 8 0
127 58 2 8 0
25 47 2 8 0
85 61 2 8 0
98 0 2 7 0
15 2 2 8 0
101 5 2 8 0
18 7 2 9 0
78 58 2 8 0
119 59 2 8 0
36 61 2 8 0
94 2 2 8 0
11 4 2 8 0
52 5 2 8 0
115 61 2 8 0
54 51 3 8 0
128 0 2 7 0
45 2 2 8 0
3 5 2 8 0
108 58 2 8 0
66 61 2 8 0
107 62 2 8 0
79 0 2 7 0
82 5 2 8 0
100 59 2 8 0
17 61 2 8 0
58 62 2 8 0
75 2 2 8 0
33 5 2 8 0
93 19 3 7 0
10 21 1 11 0
109 0 2 7 0
128 13 2 8 0
67 3 2 8 0
70 8 3 9 0
3 18 2 8 0
89 21 2 7 0
130 59 2 8 0
47 24 2 8 0
88 62 2 8 0
79 13 3 8 0
63 5 2 8 0
82 18 1 11 0
40 21 2 7 0
33 18 3 11 0
51 35 2 8 0
35 27 1 11 0
70 21 2 8 0
28 24 2 8 0
5 40 2 8 0
21 21 2 7 0
62 22 1 8 0
74 32 1 8 0
13 22 2 8 0
51 48 2 8 0
92 22 2 8 0
28 37 2 9 1
27 41 2 8 0
104 32 3 8 0
62 35 3 11 0
4 30 3 8 0
23 43 2 9 0
16 40 2 8 0
30 59 2 8 0
103 49 2 8 0
122 62 2 8 0
87 41 1 8 0
4 43 2 8 0
64 57 2 7 0
22 60 2 8 0
99 51 1 8 0
38 41 2 8 0
57 54 1 11 0
131 3 3 8 0
15 57 2 7 0
18 62 2 8 0
31 1 2 8 0
50 51 2 8 0
8 54 3 11 0
94 57 2 7 0
11 59 2 8 0
52 60 2 8 0
126 9 2 8 0
103 62 2 8 0
1 14 2 8 0
45 57 2 7 0
119 6 2 8 0
3 60 2 8 0
77 9 2 8 0
61 1 2 8 0
112 3 2 8 0
82 60 2 8 0
115 8 2 8 0
12 1 2 8 0
75 57 2 7 0
33 60 2 8 0
126 22 2 8 0
24 11 1 8 0
100 6 2 8 0
77 22 2 8 0
42 1 2 8 0
0 4 1 8 0
63 60 2 8 0
21 63 2 9 0
54 11 3 8 0
114 25 2 9 0
53 15 2 8 0
130 6 2 8 0
65 25 2 8 0
49 17 1 9 0
26 33 2 8 0
125 12 2 8 0
102 28 2 8 0
0 17 1 8 0
95 25 2 9 0
53 28 2 8 0
72 41 2 8 0
129 23 2 8 0
46 25 2 9 0
49 30 1 8 0
26 46 2 8 0
125 25 2 8 0
102 41 2 8 0
25 23 2 8 0
2 39 2 8 0
78 34 2 8 0
129 36 2 8 0
90 44 1 8 0
131 45 3 8 0
29 34 3 8 0
124 42 2 8 0
41 44 2 9 0
127 47 2 8 0
25 36 2 8 0
2 52 2 8 0
76 1 2 8 0
117 39 2 7 0
78 47 2 8 0
97 60 2 8 0
55 63 2 9 0
27 1 2 8 0
30 6 2 8 0
131 58 3 8 0
29 47 3 8 0
106 1 2 8 0
6 63 2 9 0
64 4 2 8 0
105 42 2 8 0
124 55 1 8 0
22 7 2 9 0
127 60 2 8 0
85 63 2 9 0
24 53 1 9 0
57 1 2 8 0
98 2 2 8 0
15 4 2 8 0
101 7 2 8 0
59 47 1 11 0
100 48 2 8 0
119 61 2 8 0
36 63 2 9 0
94 4 2 8 0
52 7 2 8 0
112 58 2 8 0
115 63 2 9 0
54 53 3 8 0
87 1 2 8 0
128 2 2 8 0
45 4 2 8 0
86 5 2 8 0
3 7 2 8 0
130 48 2 8 0
66 63 2 9 0
79 2 2 8 0
82 7 2 9 0
100 61 2 8 0
75 4 2 8 0
116 5 2 8 0
33 7 2 9 0
93 21 2 8 0
51 24 2 8 0
109 2 2 8 0
128 15 2 8 0
67 5 2 8 0
89 23 2 8 0
130 61 2 8 0
28 13 2 8 0
79 15 3 8 0
63 7 2 8 0
123 21 2 7 0
40 23 2 8 0
81 24 2 8 0
74 21 2 7 0
32 24 2 11 0
51 37 2 9 1
70 23 2 8 0
28 26 2 8 0
47 39 2 7 0
5 42 2 8 0
104 21 2 7 0
21 23 2 8 0
62 24 1 8 0
39 40 2 8 0
74 34 1 8 0
13 24 2 8 0
118 40 2 8 0
76 43 2 8 0
92 24 2 8 0
50 27 2 8 0
69 40 2 8 0
27 43 2 8 0
104 34 3 8 0
20 40 2 8 0
106 43 3 9 0
4 32 3 8 0
99 40 2 8 0
16 42 2 8 0
92 37 2 7 0
50 40 2 8 0
30 61 2 8 0
43 0 2 7 0
103 51 2 8 0
1 3 2 8 0
87 43 1 9 0
4 45 3 8 0
64 59 2 8 0
22 62 2 8 0
99 53 1 9 0
38 43 2 8 0
98 57 2 7 0
131 5 3 8 0
15 59 2 8 0
101 62 2 8 0
73 0 2 7 0
31 3 2 8 0
75 46 2 8 0
94 59 2 8 0
11 61 2 8 0
52 62 2 8 0
126 11 2 8 0
24 0 2 7 0
1 16 2 8 0
128 57 2 8 0
45 59 2 8 0
119 8 2 9 0
3 62 2 8 0
77 11 2 8 0
61 3 2 8 0
38 56 1 7 0
79 57 2 7 0
82 62 2 8 0
54 0 2 7 0
12 3 2 8 0
75 59 2 8 0
33 62 2 8 0
126 24 2 8 0
46 1 2 8 0
49 6 2 8 0
109 57 2 7 0
26 22 2 8 0
67 60 2 8 0
100 8 2 8 0
42 3 2 8 0
102 17 2 9 0
0 6 1 8 0
63 62 2 8 0
53 17 2 9 0
56 22 3 8 0
130 8 2 8 0
129 12 2 8 0
26 35 2 8 0
125 14 2 8 0
42 16 1 11 0
102 30 2 8 0
0 19 1 8 0
60 33 1 11 0
53 30 2 8 0
37 22 1 8 0
129 25 2 8 0
125 27 2 8 0
83 30 3 11 0
124 31 1 8 0
25 25 2 8 0
2 41 2 8 0
78 36 2 8 0
131 47 3 8 0
29 36 3 8 0
124 44 2 8 0
108 36 3 11 0
127 49 2 8 0
2 54 2 8 0
76 3 2 8 0
117 41 2 8 0
78 49 2 8 0
17 39 2 7 0
110 1 2 8 0
131 60 3 8 0
29 49 3 8 0
106 3 2 8 0
64 6 2 8 0
98 4 2 8 0
15 6 2 8 0
101 9 2 8 0
100 50 2 8 0
119 63 2 9 0
91 1 2 8 0
94 6 2 8 0
52 9 2 8 0
112 60 2 8 0
54 55 3 9 1
128 4 2 8 0
12 58 2 8 0
45 6 2 8 0
86 7 2 9 0
3 9 2 8 0
130 50 2 8 0
121 1 2 8 0
79 4 2 8 0
101 22 2 8 0
100 63 2 9 0
42 58 2 8 0
75 6 2 8 0
116 7 2 8 0
74 10 1 8 0
93 23 2 8 0
51 26 2 8 0
109 4 2 8 0
128 17 2 8 0
67 7 2 8 0
89 25 2 8 0
130 63 2 9 0
28 15 2 8 0
63 9 1 9 0
104 10 3 8 0
123 23 2 8 0
40 25 2 8 0
116 20 2 7 0
74 23 2 8 0
51 39 2 7 0
67 20 2 7 0
70 25 2 9 0
28 28 2 8 0
104 23 2 8 0
81 39 3 7 0
122 40 2 8 0
39 42 2 8 0
96 24 2 8 0
99 29 1 8 0
118 42 2 8 0
76 45 2 8 0
92 26 2 8 0
111 39 2 11 0
50 29 2 8 0
69 42 2 8 0
27 45 2 8 0
62 39 2 7 0
103 40 2 8 0
20 42 2 8 0
4 34 3 8 0
99 42 2 8 0
76 58 2 8 0
92 39 2 8 0
50 42 2 8 0
91 43 2 8 0
27 58 2 8 0
30 63 2 9 0
126 0 2 7 0
43 2 2 8 0
103 53 2 9 0
1 5 2 8 0
106 58 2 8 0
4 47 3 8 0
64 61 2 8 0
3 51 2 8 0
77 0 2 7 0
80 5 2 8 0
121 43 2 8 0
57 58 2 8 0
98 59 2 8 0
15 61 2 8 0
73 2 2 8 0
31 5 2 8 0
75 48 2 8 0
94 61 2 8 0
107 0 2 7 0
126 13 2 8 0
24 2 2 8 0
1 18 2 8 0
87 58 2 8 0
128 59 2 8 0
45 61 2 8 0
86 62 2 8 0
58 0 2 7 0
77 13 2 8 0
61 5 2 8 0
79 59 2 8 0
54 2 2 8 0
95 3 2 8 0
12 5 2 8 0
75 61 2 8 0
116 62 2 8 0
88 0 2 7 0
46 3 2 8 0
49 8 1 8 0
68 21 2 8 0
109 59 2 8 0
26 24 2 8 0
67 62 2 8 0
125 3 2 8 0
42 5 2 8 0
0 8 1 8 0
19 21 2 7 0
56 24 2 8 0
129 14 2 8 0
49 21 2 7 0
7 24 2 11 0
26 37 2 9 1
125 16 2 8 0
102 32 2 8 0
0 21 1 8 0
41 22 2 8 0
60 35 2 11 0
120 22 2 8 0
53 32 2 8 0
37 24 1 8 0
14 40 2 8 0
129 27 2 8 0
113 19 1 7 0
71 22 2 8 0
6 41 3 8 0
124 33 1 8 0
127 38 2 8 0
25 27 2 8 0
44 40 2 8 0
2 43 2 8 0
120 35 2 11 0
131 49 3 8 0
122 0 2 7 0
124 46 1 8 0
127 51 2 8 0
25 40 2 8 0
66 41 2 8 0
2 56 2 8 0
43 57 2 8 0
1 60 2 8 0
18 0 2 7 0
78 51 2 8 0
17 41 2 8 0
110 3 2 8 0
131 62 3 8 0
10 1 2 8 0
29 51 3 8 0
73 57 2 7 0
31 60 2 8 0
64 8 2 8 0
24 57 2 7 0
98 6 2 8 0
101 11 2 8 0
40 1 2 8 0
100 52 2 8 0
91 3 2 8 0
61 60 2 8 0
52 11 2 8 0
54 57 2 7 0
128 6 2 8 0
12 60 2 8 0
70 1 2 8 0
3 11 2 8 0
130 52 2 8 0
121 3 2 8 0
79 6 2 8 0
21 1 2 8 0
42 60 2 8 0
116 9 2 9 0
0 63 1 9 0
74 12 1 8 0
93 25 2 8 0
51 28 2 8 0
109 6 2 8 0
9 4 2 8 0
28 17 2 9 0
104 12 3 8 0
123 25 2 8 0
116 22 2 8 0
74 25 2 8 0
51 41 2 8 0
35 33 1 11 0
28 30 2 8 0
27 34 2 8 0
30 39 2 7 0
104 25 2 8 0
81 41 3 8 0
122 42 2 8 0
39 44 2 9 0
4 23 2 8 0
99 31 1 8 0
76 47 2 8 0
50 31 2 8 0
69 44 3 9 0
110 45 1 11 0
27 47 2 8 0
11 39 2 11 0
103 42 2 8 0
4 36 3 8 0
55 1 2 8 0
96 39 2 7 0
99 44 1 8 0
76 60 2 8 0
6 1 2 8 0
50 44 2 8 0
91 45 2 9 0
110 58 2 8 0
52 53 2 8 0
85 1 2 8 0
126 2 2 8 0
43 4 2 8 0
1 7 2 8 0
106 60 2 8 0
64 63 2 9 0
3 53 2 8 0
77 2 2 8 0
80 7 2 9 0
79 48 3 8 0
98 61 2 8 0
15 63 2 9 0
115 1 2 8 0
73 4 2 8 0
31 7 2 9 0
91 58 2 8 0
75 50 2 8 0
94 63 2 9 0
107 2 2 8 0
126 15 2 8 0
24 4 2 8 0
65 5 2 8 0
1 20 2 8 0
128 61 2 8 0
45 63 2 9 0
58 2 2 8 0
77 15 2 8 0
61 7 2 9 0
121 58 2 8 0
79 61 2 8 0
54 4 2 8 0
95 5 2 8 0
12 7 2 9 0
72 21 2 7 0
75 63 2 9 0
88 2 2 8 0
46 5 2 8 0
49 10 1 8 0
68 23 2 8 0
109 61 2 8 0
26 26 2 8 0
125 5 2 8 0
42 7 2 9 0
102 21 2 7 0
0 10 1 8 0
19 23 2 8 0
53 21 2 7 0
129 16 2 8 0
113 8 1 8 0
49 23 2 8 0
90 24 2 8 0
26 39 2 7 0
125 18 2 8 0
102 34 2 8 0
0 23 1 8 0
41 24 2 8 0
2 32 2 8 0
120 24 2 8 0
53 34 2 8 0
56 39 3 7 0
97 40 2 8 0
14 42 2 8 0
55 43 2 9 0
129 29 2 8 0
113 21 2 8 0
71 24 2 8 0
29 27 3 8 0
48 40 2 8 0
6 43 3 9 0
124 35 1 8 0
127 40 2 8 0
25 29 2 8 0
44 42 2 8 0
2 45 2 8 0
78 40 2 8 0
131 51 3 8 0
29 40 2 8 0
115 43 2 9 0
124 48 1 8 0
22 0 2 7 0
127 53 2 8 0
25 42 2 8 0
66 43 2 8 0
24 46 1 8 0
43 59 2 8 0
101 0 2 7 0
1 62 2 8 0
18 2 2 8 0
78 53 2 9 0
119 54 3 11 0
17 43 2 8 0
77 57 2 7 0
110 5 2 8 0
80 62 2 8 0
52 0 2 7 0
10 3 2 8 0
115 56 2 7 0
54 46 3 8 0
73 59 2 8 0
31 62 2 8 0
3 0 2 7 0
89 3 2 8 0
66 56 1 8 0
107 57 2 7 0
24 59 2 8 0
82 0 2 7 0
101 13 2 8 0
40 3 2 8 0
58 57 2 7 0
61 62 2 8 0
33 0 2 7 0
52 13 2 8 0
51 17 2 9 0
54 59 2 8 0
128 8 2 8 0
12 62 2 8 0
70 3 2 8 0
130 54 2 8 0
28 6 2 8 0
88 57 2 7 0
5 22 2 8 0
46 60 2 8 0
79 8 3 8 0
63 0 2 7 0
21 3 2 8 0
42 62 2 8 0
74 14 1 8 0
93 27 2 9 0
51 30 2 8 0
9 6 2 8 0
104 14 3 8 0
23 25 2 9 0
74 27 1 8 0
32 30 1 11 0
16 22 2 8 0
76 36 2 8 0
27 36 2 8 0
30 41 2 8 0
104 27 3 8 0
103 31 2 8 0
122 44 2 9 0
4 25 2 8 0
99 33 1 8 0
57 36 1 11 0
76 49 2 8 0
50 33 2 8 0
8 36 3 11 0
27 49 2 8 0
103 44 2 8 0
122 57 2 7 0
4 38 3 8 0
45 39 2 7 0
55 3 2 8 0
96 41 2 8 0
99 46 1 8 0
18 57 2 7 0
110 60 2 8 0
75 39 2 7 0
52 55 2 9 1
126 4 2 8 0
43 6 2 8 0
1 9 2 8 0
128 50 2 8 0
119 1 2 8 0
3 55 2 8 0
77 4 2 8 0
79 50 3 8 0
98 63 2 9 0
73 6 2 8 0
114 7 2 8 0
91 60 2 8 0
75 52 2 8 0
107 4 2 8 0
126 17 2 8 0
24 6 2 8 0
65 7 2 8 0
128 63 2 9 0
26 15 2 8 0
100 1 2 8 0
58 4 2 8 0
70 58 2 8 0
77 17 2 9 0
80 22 2 8 0
121 60 2 8 0
79 63 2 9 0
21 58 2 8 0
95 7 2 9 0
114 20 2 8 0
53 10 2 8 0
72 23 2 8 0
130 1 2 8 0
88 4 2 8 0
46 7 2 9 0
65 20 2 7 0
49 12 1 8 0
68 25 2 9 0
109 63 2 9 0
26 28 2 8 0
125 7 2 8 0
102 23 2 8 0
0 12 1 8 0
19 25 2 9 0
53 23 2 8 0
129 18 2 8 0
49 25 2 8 0
90 26 2 9 0
125 20 2 8 0
102 36 2 8 0
41 26 2 8 0
60 39 1 11 0
2 34 2 8 0
117 21 2 8 0
78 29 2 8 0
97 42 2 8 0
113 23 2 8 0
90 39 2 7 0
131 40 3 8 0
29 29 3 8 0
48 42 2 8 0
105 24 2 8 0
124 37 1 8 0
41 39 2 7 0
127 42 2 8 0
25 31 2 8 0
44 44 3 9 0
85 45 1 11 0
2 47 2 8 0
120 39 2 7 0
78 42 2 8 0
36 45 3 11 0
55 58 2 8 0
71 39 2 7 0
112 40 1 8 0
131 53 3 8 0
29 42 2 8 0
6 58 2 8 0
124 50 1 8 0
22 2 2 8 0
108 42 3 11 0
127 55 2 8 0
85 58 2 8 0
126 59 2 8 0
24 48 1 8 0
43 61 2 8 0
101 2 2 8 0
18 4 2 8 0
100 43 2 8 0
17 45 1 9 0
36 58 2 8 0
77 59 2 8 0
52 2 2 8 0
10 5 2 8 0
115 58 2 8 0
54 48 3 8 0
73 61 2 8 0
86 0 2 7 0
3 2 2 8 0
89 5 2 8 0
130 43 2 8 0
66 58 2 8 0
107 59 2 8 0
24 61 2 8 0
65 62 2 8 0
82 2 2 8 0
101 15 2 8 0
40 5 2 8 0
58 59 2 8 0
116 0 2 7 0
33 2 2 8 0
74 3 2 8 0
54 61 2 8 0
95 62 2 8 0
128 10 2 8 0
67 0 2 7 0
70 5 2 8 0
130 56 2 8 0
28 8 2 8 0
47 21 2 7 0
88 59 2 8 0
5 24 2 8 0
46 62 2 8 0
63 2 2 8 0
104 3 2 8 0
21 5 2 8 0
125 62 2 8 0
74 16 1 8 0
13 6 2 8 0
51 32 2 8 0
28 21 2 7 0
69 22 2 8 0
104 16 3 8 0
20 22 2 8 0
99 22 2 8 0
118 35 1 11 0
16 24 2 8 0
92 19 2 7 0
50 22 2 8 0
30 43 2 9 0
103 33 2 8 0
4 27 3 8 0
23 40 2 8 0
99 35 1 8 0
38 25 2 9 0
76 51 2 8 0
15 41 2 8 0
50 35 2 8 0
94 41 2 8 0
27 51 2 8 0
103 46 2 8 0
4 40 2 8 0
45 41 2 8 0
22 57 2 7 0
101 57 2 7 0
18 59 2 8 0
91 49 2 11 0
110 62 2 8 0
75 41 2 8 0
52 57 2 7 0
126 6 2 8 0
10 60 2 8 0
1 11 2 8 0
128 52 2 8 0
119 3 2 8 0
3 57 2 8 0
77 6 2 8 0
19 1 2 8 0
79 52 3 8 0
82 57 2 7 0
40 60 2 8 0
114 9 2 9 0
33 57 2 7 0
107 6 2 8 0
126 19 2 8 0
65 9 3 9 0
49 1 2 8 0
26 17 2 9 0
67 55 2 7 0
58 6 2 8 0
70 60 2 8 0
102 12 2 8 0
0 1 1 8 0
63 57 2 7 0
21 60 2 8 0
114 22 2 8 0
53 12 2 8 0
72 25 2 9 0
88 6 2 8 0
129 7 2 8 0
65 22 2 8 0
49 14 1 8 0
26 30 2 8 0
125 9 2 8 0
9 63 2 9 0
83 12 3 11 0
102 25 2 8 0
0 14 1 8 0
95 22 2 8 0
53 25 2 8 0
129 20 2 8 0
7 30 1 11 0
124 26 2 8 0
127 31 2 8 0
2 36 2 8 0
117 23 2 8 0
78 31 2 8 0
113 25 2 9 0
90 41 2 8 0
131 42 3 8 0
29 31 3 8 0
124 39 2 8 0
127 44 2 8 0
25 33 2 8 0
2 49 2 8 0
1 53 2 8 0
120 41 2 8 0
78 44 2 8 0
55 60 2 8 0
112 42 1 8 0
131 55 3 8 0
29 44 3 8 0
64 1 2 8 0
105 39 2 7 0
22 4 2 8 0
85 60 2 8 0
126 61 2 8 0
24 50 1 8 0
43 63 2 9 0
101 4 2 8 0
100 45 2 8 0
119 58 2 8 0
58 48 3 11 0
77 61 2 8 0
94 1 2 8 0
52 4 2 8 0
93 5 2 8 0
10 7 2 9 0
115 60 2 8 0
54 50 3 8 0
73 63 2 9 0
86 2 2 8 0
3 4 2 8 0
89 7 2 9 0
130 45 2 8 0
107 61 2 8 0
24 63 2 9 0
82 4 2 8 0
123 5 2 8 0
40 7 2 9 0
100 58 2 8 0
58 61 2 8 0
116 2 2 8 0
0 56 1 8 0
33 4 2 8 0
74 5 2 8 0
51 21 2 7 0
54 63 2 9 0
67 2 2 8 0
86 15 3 11 0
70 7 2 8 0
130 58 2 8 0
28 10 2 8 0
47 23 2 8 0
88 61 2 8 0
63 4 2 8 0
104 5 2 8 0
21 7 2 9 0
81 21 3 7 0
39 24 2 8 0
118 24 2 8 0
51 34 2 8 0
92 8 2 9 0
111 21 2 11 0
28 23 2 8 0
69 24 2 8 0
5 39 2 7 0
62 21 2 7 0
20 24 2 8 0
13 21 2 7 0
99 24 2 8 0
76 40 2 8 0
92 21 2 8 0
50 24 2 8 0
27 40 2 8 0
103 35 2 8 0
106 40 3 8 0
4 29 3 8 0
23 42 2 8 0
64 43 2 9 0
99 37 1 9 1
76 53 2 9 0
15 43 2 9 0
50 37 2 9 1
91 38 1 8 0
110 51 1 11 0
94 43 2 9 0
27 53 2 9 0
11 45 3 11 0
30 58 2 8 0
103 48 2 8 0
1 0 2 7 0
87 40 1 8 0
45 43 2 9 0
3 46 2 8 0
22 59 2 8 0
80 0 2 7 0
38 40 2 8 0
79 41 2 8 0
101 59 2 8 0
18 61 2 8 0
31 0 2 7 0
75 43 2 8 0
52 59 2 8 0
126 8 2 8 0
10 62 2 8 0
68 3 2 8 0
1 13 2 8 0
128 54 2 8 0
86 57 2 7 0
119 5 2 8 0
3 59 2 8 0
77 8 2 8 0
89 62 2 8 0
61 0 2 7 0
19 3 2 8 0
82 59 2 8 0
40 62 2 8 0
12 0 2 7 0
116 57 2 8 0
33 59 2 8 0
49 3 2 8 0
7 6 2 8 0
67 57 2 8 0
70 62 2 8 0
42 0 2 7 0
102 14 2 8 0
0 3 1 8 0
63 59 2 8 0
104 60 2 8 0
21 62 2 8 0
114 24 2 8 0
34 1 2 8 0
53 14 2 8 0
37 6 2 8 0
14 22 2 8 0
129 9 2 8 0
49 16 1 8 0
26 32 2 8 0
125 11 2 8 0
102 27 2 8 0
0 16 1 8 0
44 22 2 8 0
2 25 2 8 0
53 27 2 8 0
129 22 2 8 0
124 28 1 8 0
127 33 2 8 0
25 22 2 8 0
2 38 2 8 0
117 25 2 9 0
78 33 2 8 0
131 44 3 8 0
29 33 3 8 0
124 41 2 8 0
127 46 2 8 0
25 35 2 8 0
24 39 2 7 0
1 55 2 8 0
78 46 2 8 0
77 50 2 8 0
131 57 3 8 0
54 39 2 7 0
105 41 2 8 0
22 6 2 8 0
126 63 2 9 0
24 52 1 8 0
98 1 2 8 0
101 6 2 8 0
100 47 2 8 0
119 60 2 8 0
77 63 2 9 0
19 58 2 8 0
52 6 2 8 0
93 7 2 8 0
54 52 3 8 0
128 1 2 8 0
86 4 2 8 0
130 47 2 8 0
107 63 2 9 0
79 1 2 8 0
49 58 2 8 0
82 6 2 8 0
123 7 2 9 0
100 60 2 8 0
58 63 2 9 0
116 4 2 8 0
0 58 1 8 0
74 7 2 8 0
93 20 3 8 0
51 23 2 8 0
35 15 1 11 0
109 1 2 8 0
67 4 2 8 0
130 60 2 8 0
28 12 2 8 0
47 25 2 9 0
88 63 2 9 0
104 7 2 8 0
81 23 3 8 0
51 36 2 8 0
50 13 2 8 0
27 29 2 8 0
62 23 1 8 0
103 24 2 8 0
39 39 2 7 0
4 18 3 8 0
96 21 2 7 0
13 23 2 8 0
99 26 1 8 0
118 39 2 7 0
76 42 2 8 0
92 23 2 8 0
50 26 2 8 0
69 39 2 7 0
27 42 2 8 0
103 37 2 9 1
106 42 2 8 0
4 31 3 8 0
99 39 2 7 0
57 42 2 11 0
91 40 2 8 0
8 42 3 11 0
52 48 2 8 0
1 2 2 8 0
87 42 1 8 0
64 58 2 8 0
3 48 2 8 0
22 61 2 8 0
80 2 2 8 0
121 40 2 8 0
38 42 2 8 0
79 43 2 8 0
82 48 1 11 0
15 58 2 8 0
101 61 2 8 0
18 63 2 9 0
114 0 2 7 0
31 2 2 8 0
75 45 2 8 0
94 58 2 8 0
33 48 3 11 0
52 61 2 8 0
126 10 2 8 0
65 0 2 7 0
68 5 2 8 0
128 56 2 8 0
26 8 2 8 0
45 58 2 8 0
86 59 2 8 0
3 61 2 8 0
77 10 2 8 0
61 2 2 8 0
19 5 2 8 0
82 61 2 8 0
95 0 2 7 0
12 2 2 8 0
53 3 2 8 0
116 59 2 8 0
33 61 2 8 0
74 62 2 8 0
46 0 2 7 0
49 5 2 8 0
26 21 2 7 0
67 59 2 8 0
125 0 2 7 0
42 2 2 8 0
83 3 2 8 0
102 16 2 8 0
0 5 1 8 0
63 61 2 8 0
104 62 2 8 0
34 3 2 8 0
53 16 2 8 0
56 21 3 7 0
14 24 2 8 0
129 11 2 8 0
113 3 2 8 0
90 19 1 7 0
48 22 2 8 0
125 13 2 8 0
102 29 2 8 0
25 11 2 8 0
44 24 2 8 0
2 27 2 8 0
120 19 2 7 0
37 21 2 7 0
78 22 2 8 0
129 24 2 8 0
131 33 3 8 0
29 22 2 8 0
124 30 1 8 0
127 35 2 8 0
25 24 2 8 0
2 40 2 8 0
43 41 2 8 0
78 35 2 8 0
17 25 2 9 0
131 46 3 8 0
29 35 3 8 0
73 41 2 8 0
124 43 2 8 0
127 48 2 8 0
66 38 2 8 0
85 51 1 11 0
126 52 2 8 0
24 41 2 8 0
1 57 2 8 0
59 35 1 11 0
100 36 2 8 0
36 51 3 11 0
77 52 2 8 0
80 57 2 7 0
54 41 2 8 0
31 57 2 7 0
130 36 2 8 0
98 3 2 8 0
68 60 2 8 0
101 8 2 8 0
100 49 2 8 0
119 62 2 8 0
42 44 2 9 0
61 57 2 7 0
19 60 2 8 0
51 12 2 8 0
54 54 3 8 0
128 3 2 8 0
12 57 2 7 0
86 6 2 8 0
130 49 2 8 0
28 1 2 8 0
49 60 2 8 0
7 63 2 9 0
125 55 2 8 0
42 57 2 8 0
116 6 2 8 0
0 60 1 8 0
74 9 1 8 0
93 22 2 8 0
32 12 1 11 0
51 25 2 8 0
34 58 2 8 0
67 6 2 8 0
37 63 2 9 0
9 1 2 8 0
28 14 2 8 0
104 9 3 8 0
123 22 2 8 0
81 25 3 9 0
76 31 2 8 0
50 15 2 8 0
27 31 2 8 0
62 25 1 9 0
103 26 2 8 0
122 39 2 7 0
39 41 2 8 0
4 20 3 8 0
96 23 2 8 0
99 28 1 8 0
118 41 2 8 0
76 44 2 8 0
18 39 2 7 0
92 25 2 8 0
50 28 2 8 0
69 41 2 8 0
27 44 2 8 0
103 39 2 7 0
4 33 3 8 0
101 50 2 8 0
91 42 2 8 0
75 34 2 8 0
52 50 2 8 0
43 1 2 8 0
1 4 2 8 0
128 45 2 8 0
64 60 2 8 0
3 50 2 8 0
22 63 2 9 0
80 4 2 8 0
121 42 2 8 0
79 45 3 8 0
98 58 2 8 0
101 63 2 9 0
73 1 2 8 0
114 2 2 8 0
31 4 2 8 0
72 5 2 8 0
75 47 2 8 0
94 60 2 8 0
52 63 2 9 0
126 12 2 8 0
65 2 2 8 0
68 7 2 8 0
128 58 2 8 0
26 10 2 8 0
86 61 2 8 0
3 63 2 9 0
61 4 2 8 0
102 5 2 8 0
19 7 2 9 0
79 58 2 8 0
82 63 2 9 0
95 2 2 8 0
12 4 2 8 0
53 5 2 8 0
116 61 2 8 0
33 63 2 9 0
129 0 2 7 0
46 2 2 8 0
49 7 2 8 0
68 20 2 7 0
109 58 2 8 0
26 23 2 8 0
67 61 2 8 0
125 2 2 8 0
42 4 2 8 0
83 5 2 8 0
0 7 1 8 0
60 21 1 11 0
63 63 2 9 0
34 5 2 8 0
56 23 3 8 0
97 24 2 8 0
129 13 2 8 0
113 5 2 8 0
90 21 2 8 0
48 24 2 8 0
125 15 2 8 0
83 18 3 11 0
124 19 1 8 0
41 21 2 7 0
127 24 2 8 0
25 13 2 8 0
2 29 2 8 0
120 21 2 8 0
37 23 1 8 0
78 24 2 8 0
36 27 3 11 0
55 40 2 8 0
71 21 2 7 0
131 35 3 8 0
29 24 2 8 0
6 40 3 8 0
124 32 1 8 0
108 24 3 11 0
127 37 2 8 0
25 26 2 8 0
2 42 2 8 0
43 43 2 8 0
78 37 2 9 1
131 48 3 8 0
29 37 3 9 1
115 40 2 8 0
73 43 2 9 0
66 40 2 8 0
126 54 2 8 0
24 43 2 8 0
43 56 2 7 0
1 59 2 8 0
17 40 2 8 0
80 59 2 8 0
10 0 2 7 0
54 43 2 8 0
114 57 2 8 0
31 59 2 8 0
89 0 2 7 0
130 38 2 8 0
47 3 2 8 0
88 41 2 8 0
107 54 1 11 0
65 57 2 7 0
68 62 2 8 0
40 0 2 7 0
100 51 2 8 0
58 54 3 11 0
61 59 2 8 0
0 49 1 8 0
19 62 2 8 0
51 14 2 8 0
95 57 2 7 0
12 59 2 8 0
53 60 2 8 0
70 0 2 7 0
130 51 2 8 0
28 3 2 8 0
46 57 2 7 0
49 62 2 8 0
21 0 2 7 0
125 57 2 8 0
42 59 2 8 0
83 60 2 8 0
116 8 2 8 0
0 62 1 8 0
74 11 1 8 0
93 24 2 8 0
13 1 2 8 0
51 27 2 8 0
16 6 2 8 0
34 60 2 8 0
9 3 2 8 0
28 16 2 8 0
113 60 2 8 0
104 11 3 8 0
23 22 2 8 0
99 17 1 9 0
76 33 2 8 0
111 27 3 11 0
50 17 2 9 0
27 33 2 8 0
103 28 2 8 0
122 41 2 8 0
4 22 2 8 0
96 25 2 9 0
99 30 1 8 0
118 43 2 9 0
76 46 2 8 0
18 41 2 8 0
50 30 2 8 0
27 46 2 8 0
103 41 2 8 0
4 35 3 8 0
3 39 2 8 0
101 52 2 8 0
91 44 2 8 0
110 57 2 7 0
75 36 2 8 0
52 52 2 8 0
126 1 2 8 0
1 6 2 8 0
128 47 2 8 0
3 52 2 8 0
77 1 2 8 0
80 6 2 8 0
121 44 1 9 0
79 47 3 8 0
98 60 2 8 0
63 39 2 7 0
114 4 2 8 0
31 6 2 8 0
72 7 2 9 0
75 49 2 8 0
107 1 2 8 0
65 4 2 8 0
128 60 2 8 0
26 12 2 8 0
86 63 2 9 0
58 1 2 8 0
28 58 2 8 0
61 6 2 8 0
102 7 2 8 0
79 60 2 8 0
95 4 2 8 0
53 7 2 8 0
116 63 2 9 0
88 1 2 8 0
129 2 2 8 0
46 4 2 8 0
49 9 1 8 0
7 12 1 11 0
26 25 2 8 0
67 63 2 9 0
125 4 2 8 0
9 58 2 8 0
83 7 2 9 0
0 9 1 8 0
117 5 2 8 0
34 7 2 9 0
56 25 3 9 0
129 15 2 8 0
113 7 2 8 0
90 23 2 8 0
29 13 3 8 0
124 21 2 8 0
41 23 2 8 0
127 26 2 8 0
25 15 2 8 0
2 31 2 8 0
120 23 2 8 0
78 26 2 8 0
97 39 2 7 0
55 42 2 8 0
113 20 1 8 0
71 23 2 8 0
112 24 1 8 0
131 37 3 8 0
29 26 3 8 0
48 39 2 7 0
6 42 2 8 0
105 21 2 7 0
124 34 1 8 0
127 39 2 8 0
25 28 2 8 0
24 32 1 8 0
1 48 2 8 0
78 39 2 7 0
119 40 2 8 0
77 43 2 8 0
131 50 3 8 0
115 42 2 8 0
54 32 3 8 0
66 42 2 8 0
126 56 2 8 0
24 45 1 8 0
43 58 2 8 0
1 61 2 8 0
100 40 2 8 0
17 42 2 8 0
80 61 2 8 0
93 0 2 7 0
10 2 2 8 0
54 45 3 8 0
73 58 2 8 0
114 59 2 8 0
31 61 2 8 0
89 2 2 8 0
130 40 2 8 0
47 5 2 8 0
88 43 2 9 0
65 59 2 8 0
49 51 1 8 0
123 0 2 7 0
40 2 2 8 0
100 53 2 9 0
61 61 2 8 0
102 62 2 8 0
0 51 1 8 0
74 0 2 7 0
32 3 2 8 0
51 16 2 8 0
95 59 2 8 0
12 61 2 8 0
53 62 2 8 0
70 2 2 8 0
130 53 2 8 0
28 5 2 8 0
129 57 2 8 0
5 21 2 7 0
46 59 2 8 0
104 0 2 7 0
21 2 2 8 0
62 3 2 8 0
125 59 2 8 0
42 61 2 8 0
83 62 2 8 0
74 13 1 8 0
13 3 2 8 0
51 29 2 8 0
35 21 1 11 0
34 62 2 8 0
92 3 2 8 0
9 5 2 8 0
27 22 2 8 0
113 62 2 8 0
104 13 3 8 0
4 11 3 8 0
23 24 2 8 0
16 21 2 7 0
76 35 2 8 0
110 33 1 11 0
27 35 2 8 0
11 27 3 11 0
30 40 2 8 0
103 30 2 8 0
122 43 2 8 0
87 22 1 8 0
4 24 2 8 0
64 38 1 8 0
22 41 2 8 0
99 32 1 8 0
38 22 2 8 0
76 48 2 8 0
18 43 2 8 0
50 32 2 8 0
94 38 3 8 0
52 41 2 8 0
103 43 2 8 0
3 41 2 8 0
79 36 3 8 0
52 54 2 8 0
126 3 2 8 0
10 57 2 7 0
128 49 2 8 0
3 54 2 8 0
77 3 2 8 0
89 57 2 7 0
47 60 2 8 0
79 49 3 8 0
98 62 2 8 0
63 41 2 8 0
82 54 1 11 0
40 57 2 8 0
114 6 2 8 0
56 1 2 8 0
75 51 2 8 0
33 54 3 11 0
107 3 2 8 0
65 6 2 8 0
128 62 2 8 0
7 1 2 8 0
26 14 2 8 0
70 57 2 7 0
28 60 2 8 0
102 9 2 8 0
21 57 2 7 0
95 6 2 8 0
53 9 2 8 0
72 22 2 8 0
37 1 2 8 0
129 4 2 8 0
13 58 2 8 0
46 6 2 8 0
16 63 2 9 0
49 11 1 8 0
125 6 2 8 0
9 60 2 8 0
102 22 2 8 0
25 4 2 8 0
2 20 2 8 0
117 7 2 8 0
78 15 2 8 0
129 17 2 8 0
113 9 1 9 0
90 25 2 8 0
131 26 3 8 0
29 15 3 8 0
124 23 2 8 0
41 25 2 8 0
127 28 2 8 0
25 17 2 9 0
2 33 2 8 0
117 20 2 7 0
120 25 2 9 0
78 28 2 8 0
97 41 2 8 0
71 25 2 9 0
131 39 3 8 0
29 28 3 8 0
105 23 2 8 0
124 36 1 8 0
127 41 2 8 0
126 45 2 8 0
24 34 1 8 0
1 50 2 8 0
100 29 2 8 0
119 42 2 8 0
77 45 2 8 0
112 39 2 7 0
54 34 3 8 0
130 29 2 8 0
22 1 2 8 0
66 44 1 9 0
126 58 2 8 0
24 47 1 8 0
101 1 2 8 0
1 63 2 9 0
100 42 2 8 0
77 58 2 8 0
80 63 2 9 0
52 1 2 8 0
93 2 2 8 0
10 4 2 8 0
51 5 2 8 0
54 47 3 8 0
114 61 2 8 0
31 63 2 9 0
89 4 2 8 0
130 42 2 8 0
47 7 2 9 0
107 58 2 8 0
65 61 2 8 0
49 53 1 8 0
82 1 2 8 0
123 2 2 8 0
40 4 2 8 0
81 5 2 8 0
125 48 2 8 0
58 58 2 8 0
61 63 2 9 0
0 53 1 8 0
74 2 2 8 0
32 5 2 8 0
95 61 2 8 0
70 4 2 8 0
111 5 2 8 0
28 7 2 8 0
88 58 2 8 0
129 59 2 8 0
5 23 2 8 0
46 61 2 8 0
104 2 2 8 0
21 4 2 8 0
62 5 2 8 0
39 21 2 7 0
125 61 2 8 0
74 15 1 8 0
13 5 2 8 0
32 18 1 11 0
118 21 2 8 0
76 24 2 8 0
117 62 2 8 0
92 5 2 8 0
9 7 2 9 0
50 8 2 8 0
69 21 2 8 0
27 24 2 8 0
104 15 3 8 0
20 21 2 7 0
106 24 2 8 0
4 13 3 8 0
99 21 2 7 0
16 23 2 8 0
57 24 2 11 0
76 37 2 9 1
50 21 2 7 0
8 24 3 11 0
27 37 2 9 1
30 42 2 8 0
103 32 2 8 0
87 24 1 8 0
4 26 3 8 0
64 40 2 8 0
22 43 2 9 0
99 34 1 8 0
38 24 2 8 0
15 40 2 8 0
101 43 2 8 0
18 45 3 9 0
75 27 2 8 0
94 40 2 8 0
52 43 2 8 0
128 38 2 8 0
45 40 2 8 0
3 43 2 8 0
121 35 3 11 0
75 40 2 8 0
93 57 2 7 0
126 5 2 8 0
10 59 2 8 0
68 0 2 7 0
128 51 2 8 0
26 3 2 8 0
67 41 2 8 0
3 56 2 8 0
89 59 2 8 0
47 62 2 8 0
19 0 2 7 0
79 51 3 8 0
63 43 2 9 0
123 57 2 7 0
40 59 2 8 0
114 8 2 8 0
56 3 2 8 0
116 54 1 11 0
74 57 2 7 0
32 60 2 8 0
65 8 2 8 0
49 0 2 7 0
7 3 2 8 0
26 16 2 8 0
70 59 2 8 0
28 62 2 8 0
102 11 2 8 0
0 0 1 7 0
41 1 2 8 0
104 57 2 7 0
21 59 2 8 0
62 60 2 8 0
53 11 2 8 0
37 3 2 8 0
129 6 2 8 0
13 60 2 8 0
71 1 2 8 0
92 60 2 8 0
125 8 2 8 0
9 62 2 8 0
124 12 1 8 0
127 17 2 8 0
60 27 1 11 0
25 6 2 8 0
2 22 2 8 0
117 9 2 9 0
78 17 2 9 0
131 28 3 8 0
29 17 3 9 0
124 25 2 8 0
127 30 2 8 0
66 20 2 7 0
85 33 1 11 0
2 35 2 8 0
117 22 2 8 0
78 30 2 8 0
36 33 3 11 0
131 41 3 8 0
29 30 3 8 0
105 25 2 9 0
108 30 3 11 0
126 47 2 8 0
24 36 1 8 0
1 52 2 8 0
100 31 2 8 0
77 47 2 8 0
112 41 1 8 0
54 36 3 8 0
12 39 2 7 0
130 31 2 8 0
126 60 2 8 0
24 49 1 8 0
68 55 2 7 0
101 3 2 8 0
100 44 2 8 0
77 60 2 8 0
42 39 2 7 0
93 4 2 8 0
10 6 2 8 0
51 7 2 8 0
54 49 3 8 0
114 63 2 9 0
86 1 2 8 0
89 6 2 8 0
130 44 2 8 0
107 60 2 8 0
65 63 2 9 0
49 55 1 9 1
123 4 2 8 0
7 58 2 8 0
40 6 2 8 0
81 7 2 9 0
125 50 2 8 0
116 1 2 8 0
0 55 1 8 0
74 4 2 8 0
32 7 2 9 0
95 63 2 9 0
67 1 2 8 0
37 58 2 8 0
70 6 2 8 0
111 7 2 9 0
28 9 2 8 0
129 61 2 8 0
5 25 2 9 0
46 63 2 9 0
104 4 2 8 0
62 7 2 9 0
122 21 2 8 0
39 23 2 8 0
125 63 2 9 0
96 5 2 8 0
13 7 2 9 0
99 10 1 8 0
118 23 2 8 0
76 26 2 8 0
92 7 2 8 0
50 10 2 8 0
69 23 2 8 0
27 26 2 8 0
103 21 2 7 0
20 23 2 8 0
4 15 3 8 0
99 23 2 8 0
76 39 2 7 0
92 20 2 8 0
50 23 2 8 0
91 24 2 8 0
27 39 2 7 0
103 34 2 8 0
106 39 3 7 0
4 28 3 8 0
64 42 2 8 0
3 32 2 8 0
121 24 2 8 0
98 40 2 8 0
15 42 2 8 0
101 45 2 8 0
91 37 1 7 0
75 29 2 8 0
94 42 2 8 0
52 45 2 8 0
87 39 2 7 0
128 40 2 8 0
45 42 2 8 0
3 45 2 8 0
22 58 2 8 0
79 40 2 8 0
101 58 2 8 0
72 0 2 7 0
75 42 2 8 0
116 43 2 9 0
52 58 2 8 0
93 59 2 8 0
10 61 2 8 0
51 62 2 8 0
68 2 2 8 0
128 53 2 8 0
26 5 2 8 0
67 43 2 8 0
89 61 2 8 0
28 51 2 8 0
102 0 2 7 0
19 2 2 8 0
79 53 3 9 0
82 58 2 8 0
123 59 2 8 0
40 61 2 8 0
81 62 2 8 0
53 0 2 7 0
56 5 2 8 0
116 56 2 7 0
74 59 2 8 0
32 62 2 8 0
49 2 2 8 0
90 3 2 8 0
7 5 2 8 0
67 56 2 8 0
70 61 2 8 0
111 62 2 8 0
83 0 2 7 0
102 13 2 8 0
0 2 1 8 0
41 3 2 8 0
104 59 2 8 0
21 61 2 8 0
62 62 2 8 0
34 0 2 7 0
120 3 2 8 0
53 13 2 8 0
37 5 2 8 0
14 21 2 7 0
129 8 2 8 0
113 0 2 7 0
13 62 2 8 0
71 3 2 8 0
6 22 3 8 0
92 62 2 8 0
124 14 1 8 0
127 19 2 8 0
25 8 2 8 0
44 21 2 7 0
2 24 2 8 0
59 6 2 8 0
131 30 3 8 0
124 27 1 8 0
127 32 2 8 0
25 21 2 7 0
66 22 2 8 0
2 37 2 8 0
1 41 2 8 0
78 32 2 8 0
17 22 2 8 0
131 43 3 8 0
31 41 3 8 0
126 49 2 8 0
1 54 2 8 0
100 33 2 8 0
58 36 3 11 0
77 49 2 8 0
12 41 1 8 0
130 33 2 8 0
126 62 2 8 0
5 1 2 8 0
24 51 1 8 0
68 57 2 8 0
26 60 2 8 0
100 46 2 8 0
77 62 2 8 0
42 41 2 8 0
0 44 1 8 0
19 57 2 7 0
93 6 2 8 0
51 9 2 8 0
35 1 2 8 0
53 55 2 9 1
86 3 2 8 0
56 60 2 8 0
130 46 2 8 0
49 57 2 7 0
123 6 2 8 0
7 60 2 8 0
125 52 2 8 0
116 3 2 8 0
0 57 1 8 0
74 6 2 8 0
51 22 2 8 0
16 1 2 8 0
37 60 2 8 0
28 11 2 8 0
129 63 2 9 0
27 15 2 8 0
104 6 2 8 0
81 22 3 8 0
122 23 2 8 0
39 25 2 9 0
4 4 2 8 0
96 7 2 9 0
25 63 2 9 0
99 12 1 8 0
118 25 2 9 0
76 28 2 8 0
50 12 2 8 0
69 25 2 9 0
27 28 2 8 0
103 23 2 8 0
20 25 2 9 0
4 17 3 8 0
99 25 2 8 0
76 41 2 8 0
50 25 2 8 0
91 26 2 8 0
110 39 1 11 0
11 33 3 11 0
52 34 2 8 0
103 36 2 8 0
106 41 3 8 0
3 34 2 8 0
79 29 3 8 0
98 42 2 8 0
101 47 2 8 0
91 39 2 8 0
75 31 2 8 0
52 47 2 8 0
1 1 2 8 0
128 42 2 8 0
86 45 3 11 0
3 47 2 8 0
80 1 2 8 0
121 39 2 7 0
79 42 2 8 0
101 60 2 8 0
72 2 2 8 0
75 44 2 8 0
74 48 1 8 0
93 61 2 8 0
10 63 2 9 0
68 4 2 8 0
128 55 2 8 0
26 7 2 8 0
86 58 2 8 0
89 63 2 9 0
28 53 2 9 0
102 2 2 8 0
19 4 2 8 0
60 5 2 8 0
104 48 3 8 0
123 61 2 8 0
40 63 2 9 0
53 2 2 8 0
56 7 2 9 0
116 58 2 8 0
74 61 2 8 0
49 4 2 8 0
90 5 2 8 0
7 7 2 9 0
67 58 2 8 0
70 63 2 9 0
83 2 2 8 0
102 15 2 8 0
41 5 2 8 0
104 61 2 8 0
2 13 2 8 0
117 0 2 7 0
34 2 2 8 0
120 5 2 8 0
37 7 2 9 0
97 21 2 7 0
14 23 2 8 0
55 24 2 8 0
96 62 2 8 0
129 10 2 8 0
113 2 2 8 0
71 5 2 8 0
29 8 3 8 0
48 21 2 7 0
6 24 2 8 0
105 3 2 8 0
124 16 1 8 0
127 21 2 8 0
25 10 2 8 0
44 23 2 8 0
2 26 2 8 0
78 21 2 7 0
131 32 3 8 0
29 21 2 7 0
115 24 2 8 0
124 29 1 8 0
127 34 2 8 0
66 24 2 8 0
24 27 1 8 0
43 40 2 8 0
1 43 2 8 0
119 35 2 11 0
17 24 2 8 0
80 43 2 9 0
54 27 3 8 0
73 40 2 8 0
31 43 3 9 0
130 22 2 8 0
66 37 2 7 0
126 51 2 8 0
24 40 2 8 0
1 56 2 8 0
100 35 2 8 0
77 51 2 8 0
54 40 2 8 0
12 43 1 9 0
72 57 2 7 0
130 35 2 8 0
47 0 2 7 0
5 3 2 8 0
46 41 2 8 0
49 46 1 8 0
68 59 2 8 0
26 62 2 8 0
42 43 2 8 0
102 57 2 7 0
0 46 1 8 0
19 59 2 8 0
93 8 3 9 0
51 11 2 8 0
35 3 2 8 0
53 57 2 7 0
56 62 2 8 0
28 0 2 7 0
129 52 2 8 0
49 59 2 8 0
7 62 2 8 0
20 1 2 8 0
125 54 2 8 0
23 6 2 8 0
42 56 2 7 0
83 57 2 7 0
0 59 1 8 0
41 60 2 8 0
74 8 1 8 0
16 3 2 8 0
76 17 2 9 0
34 57 2 7 0
37 62 2 8 0
9 0 2 7 0
50 1 2 8 0
27 17 2 9 0
113 57 2 7 0
30 22 2 8 0
71 60 2 8 0
104 8 3 8 0
103 12 2 8 0
122 25 2 8 0
4 6 2 8 0
99 14 1 8 0
76 30 2 8 0
18 25 2 9 0
50 14 2 8 0
27 30 2 8 0
103 25 2 8 0
4 19 3 8 0
96 22 2 8 0
99 27 1 8 0
57 30 1 11 0
101 36 2 8 0
8 30 3 11 0
52 36 2 8 0
128 31 2 8 0
3 36 2 8 0
79 31 3 8 0
82 36 1 11 0
101 49 2 8 0
40 39 2 7 0
91 41 2 8 0
75 33 2 8 0
33 36 3 11 0
52 49 2 8 0
128 44 2 8 0
70 39 2 7 0
3 49 2 8 0
80 3 2 8 0
121 41 2 8 0
79 44 3 8 0
21 39 2 7 0
114 1 2 8 0
72 4 2 8 0
74 50 1 8 0
93 63 2 9 0
65 1 2 8 0
68 6 2 8 0
26 9 2 8 0
86 60 2 8 0
102 4 2 8 0
19 6 2 8 0
60 7 2 9 0
104 50 3 8 0
123 63 2 9 0
95 1 2 8 0
53 4 2 8 0
116 60 2 8 0
74 63 2 9 0
16 58 2 8 0
90 7 2 8 0
125 1 2 8 0
83 4 2 8 0
41 7 2 9 0
104 63 2 9 0
2 15 2 8 0
117 2 2 8 0
34 4 2 8 0
120 7 2 8 0
78 10 2 8 0
97 23 2 8 0
14 25 2 9 0
113 4 2 8 0
71 7 2 9 0
90 20 1 8 0
131 21 3 8 0
29 10 3 8 0
48 23 2 8 0
105 5 2 8 0
124 18 1 8 0
127 23 2 8 0
25 12 2 8 0
44 25 2 9 0
2 28 2 8 0
120 20 2 8 0
78 23 2 8 0
55 39 2 7 0
112 21 2 7 0
131 34 3 8 0
29 23 2 8 0
6 39 3 7 0
127 36 2 8 0
66 26 2 9 0
85 39 1 11 0
126 40 2 8 0
24 29 1 8 0
43 42 2 8 0
1 45 2 8 0
100 24 2 8 0
36 39 2 11 0
77 40 2 8 0
115 39 2 7 0
54 29 3 8 0
73 42 2 8 0
130 24 2 8 0
66 39 2 8 0
126 53 2 8 0
24 42 2 8 0
65 43 2 9 0
1 58 2 8 0
100 37 2 9 1
77 53 2 9 0
61 45 3 11 0
80 58 2 8 0
51 0 2 7 0
54 42 2 8 0
95 43 2 9 0
114 56 1 7 0
31 58 2 8 0
72 59 2 8 0
130 37 2 8 0
47 2 2 8 0
88 40 2 8 0
5 5 2 8 0
46 43 2 9 0
49 48 1 8 0
68 61 2 8 0
81 0 2 7 0
39 3 2 8 0
125 43 2 8 0
61 58 2 8 0
102 59 2 8 0
0 48 1 8 0
19 61 2 8 0
60 62 2 8 0
32 0 2 7 0
51 13 2 8 0
35 5 2 8 0
53 59 2 8 0
111 0 2 7 0
28 2 2 8 0
69 3 2 8 0
129 54 2 8 0
49 61 2 8 0
90 62 2 8 0
62 0 2 7 0
20 3 2 8 0
125 56 2 8 0
83 59 2 8 0
0 61 1 8 0
41 62 2 8 0
13 0 2 7 0
99 3 2 8 0
16 5 2 8 0
117 57 2 8 0
34 59 2 8 0
120 62 2 8 0
92 0 2 7 0
9 2 2 8 0
50 3 2 8 0
8 6 2 8 0
113 59 2 8 0
30 24 2 8 0
71 62 2 8 0
103 14 2 8 0
4 8 3 8 0
23 21 2 7 0
64 22 2 8 0
99 16 1 8 0
38 6 2 8 0
76 32 2 8 0
15 22 2 8 0
50 16 2 8 0
94 22 2 8 0
27 32 2 8 0
103 27 2 8 0
4 21 2 8 0
45 22 2 8 0
18 40 2 8 0
75 22 2 8 0
128 33 2 8 0
3 38 2 8 0
89 41 2 8 0
79 33 3 8 0
63 25 2 9 0
101 51 2 8 0
40 41 2 8 0
75 35 2 8 0
52 51 2 8 0
128 46 2 8 0
70 41 2 8 0
47 57 2 7 0
5 60 2 8 0
79 46 3 8 0
21 41 2 8 0
114 3 2 8 0
72 6 2 8 0
14 1 2 8 0
74 52 1 8 0
65 3 2 8 0
35 60 2 8 0
68 8 2 9 0
26 11 2 8 0
28 57 2 7 0
102 6 2 8 0
44 1 2 8 0
104 52 3 8 0
53 6 2 8 0
129 1 2 8 0
16 60 2 8 0
9 57 2 7 0
50 58 2 8 0
83 6 2 8 0
124 7 2 8 0
127 12 2 8 0
25 1 2 8 0
2 17 2 8 0
117 4 2 8 0
34 6 2 8 0
4 63 2 9 0
78 12 2 8 0
97 25 2 9 0
36 15 3 11 0
113 6 2 8 0
90 22 2 8 0
131 23 3 8 0
29 12 3 8 0
48 25 2 9 0
105 7 2 9 0
124 20 1 8 0
108 12 3 11 0
127 25 2 8 0
25 14 2 8 0
2 30 2 8 0
1 34 2 8 0
78 25 2 8 0
55 41 2 8 0
112 23 1 8 0
131 36 3 8 0
29 25 2 8 0
126 42 2 8 0
24 31 1 8 0
43 44 2 9 0
1 47 2 8 0
100 26 2 8 0
119 39 2 7 0
77 42 2 8 0
115 41 2 8 0
54 31 3 8 0
130 26 2 8 0
107 42 2 11 0
126 55 2 8 0
24 44 1 8 0
26 53 2 9 0
100 39 2 7 0
58 42 3 11 0
61 47 2 11 0
80 60 2 8 0
0 37 1 8 0
51 2 2 8 0
54 44 3 8 0
114 58 2 8 0
53 48 2 8 0
72 61 2 8 0
89 1 2 8 0
130 39 2 8 0
47 4 2 8 0
88 42 2 8 0
5 7 2 9 0
65 58 2 8 0
49 50 1 8 0
68 63 2 9 0
81 2 2 8 0
39 5 2 8 0
125 45 2 8 0
83 48 3 11 0
102 61 2 8 0
0 50 1 8 0
19 63 2 9 0
32 2 2 8 0
118 5 2 8 0
51 15 2 8 0
35 7 2 9 0
95 58 2 8 0
53 61 2 8 0
111 2 2 8 0
28 4 2 8 0
69 5 2 8 0
129 56 2 8 0
46 58 2 8 0
49 63 2 9 0
62 2 2 8 0
20 5 2 8 0
125 58 2 8 0
83 61 2 8 0
96 0 2 7 0
13 2 2 8 0
99 5 2 8 0
16 7 2 9 0
76 21 2 7 0
117 59 2 8 0
34 61 2 8 0
92 2 2 8 0
111 15 3 11 0
50 5 2 8 0
27 21 2 7 0
113 61 2 8 0
84 3 2 8 0
103 16 2 8 0
106 21 3 7 0
4 10 3 8 0
23 23 2 8 0
64 24 2 8 0
105 62 2 8 0
76 34 2 8 0
15 24 2 8 0
91 19 2 7 0
94 24 2 8 0
103 29 2 8 0
87 21 2 7 0
45 24 2 8 0
64 37 1 7 0
3 27 2 8 0
22 40 2 8 0
121 19 2 7 0
38 21 2 7 0
79 22 2 8 0
101 40 2 8 0
18 42 2 8 0
75 24 2 8 0
94 37 3 7 0
52 40 2 8 0
128 35 2 8 0
3 40 2 8 0
89 43 2 9 0
79 35 3 8 0
101 53 2 9 0
40 43 2 8 0
75 37 2 9 1
74 41 2 8 0
51 57 2 7 0
128 48 2 8 0
26 0 2 7 0
67 38 3 8 0
86 51 3 11 0
70 43 2 9 0
28 46 2 8 0
47 59 2 8 0
5 62 2 8 0
63 40 2 8 0
104 41 2 8 0
21 43 2 9 0
40 56 2 7 0
81 57 2 7 0
114 5 2 8 0
56 0 2 7 0
14 3 2 8 0
32 57 2 7 0
35 62 2 8 0
7 0 2 7 0
26 13 2 8 0
111 57 2 7 0
28 59 2 8 0
102 8 2 8 0
44 3 2 8 0
2 6 2 8 0
62 57 2 7 0
20 60 2 8 0
53 8 2 8 0
37 0 2 7 0
129 3 2 8 0
13 57 2 7 0
16 62 2 8 0
29 1 2 8 0
92 57 2 7 0
9 59 2 8 0
50 60 2 8 0
124 9 1 8 0
127 14 2 8 0
25 3 2 8 0
44 16 2 11 0
2 19 2 8 0
117 6 2 8 0
59 1 2 8 0
78 14 2 8 0
131 25 3 8 0
29 14 3 8 0
124 22 2 8 0
127 27 2 8 0
25 16 2 8 0
1 36 2 8 0
78 27 2 8 0
77 31 2 8 0
112 25 1 9 0
131 38 3 8 0
105 22 2 8 0
126 44 2 8 0
24 33 1 8 0
1 49 2 8 0
100 28 2 8 0
119 41 2 8 0
77 44 2 8 0
19 39 2 7 0
54 33 3 8 0
130 28 2 8 0
126 57 2 8 0
49 39 2 7 0
100 41 2 8 0
102 50 2 8 0
0 39 1 8 0
93 1 2 8 0
51 4 2 8 0
114 60 2 8 0
53 50 2 8 0
72 63 2 9 0
130 41 2 8 0
14 58 2 8 0
47 6 2 8 0
129 45 2 8 0
65 60 2 8 0
49 52 1 8 0
123 1 2 8 0
81 4 2 8 0
39 7 2 9 0
125 47 2 8 0
102 63 2 9 0
0 52 1 8 0
74 1 2 8 0
32 4 2 8 0
44 58 2 8 0
118 7 2 8 0
95 60 2 8 0
53 63 2 9 0
111 4 2 8 0
69 7 2 8 0
129 58 2 8 0
27 10 2 8 0
104 1 2 8 0
62 4 2 8 0
103 5 2 8 0
20 7 2 9 0
125 60 2 8 0
83 63 2 9 0
96 2 2 8 0
13 4 2 8 0
25 58 2 8 0
99 7 2 8 0
118 20 2 7 0
76 23 2 8 0
117 61 2 8 0
34 63 2 9 0
92 4 2 8 0
50 7 2 8 0
69 20 2 7 0
110 21 1 11 0
27 23 2 8 0
113 63 2 9 0
11 15 3 11 0
84 5 2 8 0
106 23 3 8 0
4 12 3 8 0
64 26 1 9 0
98 24 2 8 0
91 21 2 8 0
75 13 2 8 0
94 26 3 8 0
52 29 2 8 0
87 23 1 8 0
128 24 2 8 0
64 39 2 8 0
3 29 2 8 0
22 42 2 8 0
121 21 2 8 0
38 23 2 8 0
79 24 2 8 0
15 39 2 7 0
101 42 2 8 0
18 44 3 8 0
75 26 2 8 0
94 39 2 8 0
52 42 2 8 0
10 45 1 11 0
128 37 2 8 0
3 42 2 8 0
79 37 3 9 1
82 42 2 11 0
116 40 2 8 0
33 42 3 11 0
74 43 2 8 0
10 58 2 8 0
51 59 2 8 0
26 2 2 8 0
67 40 2 8 0
89 58 2 8 0
28 48 2 8 0
47 61 2 8 0
60 0 2 7 0
63 42 2 8 0
104 43 2 8 0
40 58 2 8 0
81 59 2 8 0
39 62 2 8 0
56 2 2 8 0
14 5 2 8 0
32 59 2 8 0
90 0 2 7 0
7 2 2 8 0
48 3 2 8 0
111 59 2 8 0
28 61 2 8 0
69 62 2 8 0
102 10 2 8 0
41 0 2 7 0
44 5 2 8 0
2 8 2 8 0
62 59 2 8 0
120 0 2 7 0
20 62 2 8 0
37 2 2 8 0
78 3 2 8 0
96 57 2 7 0
129 5 2 8 0
13 59 2 8 0
99 62 2 8 0
71 0 2 7 0
131 14 3 8 0
29 3 2 8 0
92 59 2 8 0
9 61 2 8 0
50 62 2 8 0
124 11 1 8 0
108 3 2 8 0
127 16 2 8 0
25 5 2 8 0
2 21 2 8 0
43 22 2 8 0
117 8 2 8 0
59 3 2 8 0
78 16 2 8 0
17 6 2 8 0
131 27 3 8 0
29 16 3 8 0
73 22 2 8 0
124 24 2 8 0
127 29 2 8 0
126 33 2 8 0
24 22 2 8 0
1 38 2 8 0
100 17 2 9 0
77 33 2 8 0
54 22 2 8 0
12 25 1 9 0
130 17 2 8 0
126 46 2 8 0
24 35 1 8 0
68 41 2 8 0
1 51 2 8 0
100 30 2 8 0
119 43 2 9 0
77 46 2 8 0
42 25 2 8 0
19 41 2 8 0
54 35 3 8 0
130 30 2 8 0
49 41 2 8 0
26 57 2 7 0
125 36 2 8 0
61 51 3 11 0
102 52 2 8 0
0 41 1 8 0
93 3 2 8 0
51 6 2 8 0
114 62 2 8 0
53 52 2 8 0
56 57 2 7 0
14 60 2 8 0
129 47 2 8 0
49 54 1 8 0
123 3 2 8 0
7 57 2 7 0
81 6 2 8 0
125 49 2 8 0
23 1 2 8 0
0 54 1 8 0
32 6 2 8 0
44 60 2 8 0
118 9 3 9 0
2 63 2 9 0
76 12 2 8 0
37 57 2 7 0
111 6 2 8 0
129 60 2 8 0
27 12 2 8 0
29 58 2 8 0
62 6 2 8 0
103 7 2 8 0
122 20 3 8 0
39 22 2 8 0
4 1 2 8 0
96 4 2 8 0
25 60 2 8 0
99 9 1 8 0
118 22 2 8 0
57 12 1 11 0
76 25 2 8 0
117 63 2 9 0
59 58 2 8 0
92 6 2 8 0
50 9 2 8 0
8 12 3 11 0
27 25 2 8 0
84 7 2 9 0
106 25 3 9 0
4 14 3 8 0
101 31 2 8 0
91 23 2 8 0
75 15 2 8 0
52 31 2 8 0
87 25 1 9 0
128 26 2 8 0
64 41 2 8 0
3 31 2 8 0
121 23 2 8 0
79 26 3 8 0
98 39 2 7 0
101 44 2 8 0
75 28 2 8 0
52 44 2 8 0
128 39 2 8 0
3 44 2 8 0
79 39 2 7 0
116 42 2 8 0
74 45 1 8 0
93 58 2 8 0
32 48 1 11 0
51 61 2 8 0
68 1 2 8 0
26 4 2 8 0
67 42 2 8 0
89 60 2 8 0
28 50 2 8 0
47 63 2 9 0
60 2 2 8 0
104 45 3 8 0
123 58 2 8 0
81 61 2 8 0
56 4 2 8 0
97 5 2 8 0
14 7 2 9 0
74 58 2 8 0
32 61 2 8 0
90 2 2 8 0
7 4 2 8 0
48 5 2 8 0
111 61 2 8 0
28 63 2 9 0
124 0 2 7 0
41 2 2 8 0
127 5 2 8 0
60 15 1 11 0
44 7 2 9 0
104 58 2 8 0
2 10 2 8 0
62 61 2 8 0
120 2 2 8 0
4 56 3 8 0
37 4 2 8 0
78 5 2 8 0
55 21 2 7 0
96 59 2 8 0
13 61 2 8 0
71 2 2 8 0
131 16 3 8 0
29 5 2 8 0
6 21 3 7 0
92 61 2 8 0
105 0 2 7 0
124 13 1 8 0
108 5 2 8 0
127 18 2 8 0
25 7 2 8 0
66 8 2 9 0
85 21 1 11 0
2 23 2 8 0
43 24 2 8 0
84 62 2 8 0
1 27 2 8 0
59 5 2 8 0
119 19 1 7 0
36 21 2 11 0
131 29 3 8 0
115 21 2 8 0
73 24 2 8 0
108 18 3 11 0
66 21 2 8 0
126 35 2 8 0
24 24 2 8 0
1 40 2 8 0
17 21 2 7 0
77 35 2 8 0
61 27 3 11 0
80 40 2 8 0
54 24 2 8 0
31 40 3 8 0
130 19 2 8 0
88 22 2 8 0
126 48 2 8 0
24 37 1 9 1
65 38 2 8 0
68 43 2 8 0
100 32 2 8 0
77 48 2 8 0
42 27 2 9 0
0 30 1 8 0
19 43 2 9 0
54 37 3 9 1
12 40 1 8 0
53 41 2 8 0
130 32 2 8 0
107 48 1 11 0
5 0 2 7 0
49 43 2 8 0
68 56 2 8 0
26 59 2 8 0
125 38 2 8 0
42 40 2 8 0
0 43 1 8 0
60 57 2 7 0
51 8 2 8 0
35 0 2 7 0
53 54 2 8 0
56 59 2 8 0
14 62 2 8 0
129 49 2 8 0
113 41 2 8 0
90 57 2 7 0
7 59 2 8 0
48 60 2 8 0
125 51 2 8 0
23 3 2 8 0
83 54 3 11 0
41 57 2 8 0
25 49 2 8 0
44 62 2 8 0
16 0 2 7 0
76 14 2 8 0
120 57 2 7 0
37 59 2 8 0
78 60 2 8 0
129 62 2 8 0
8 1 2 8 0
27 14 2 8 0
11 6 2 8 0
71 57 2 7 0
29 60 2 8 0
103 9 2 8 0
122 22 2 8 0
4 3 2 8 0
96 6 2 8 0
108 60 2 8 0
25 62 2 8 0
99 11 1 8 0
38 1 2 8 0
76 27 2 8 0
18 22 2 8 0
59 60 2 8 0
17 63 2 9 0
50 11 2 8 0
27 27 2 8 0
103 22 2 8 0
4 16 3 8 0
3 20 2 8 0
101 33 2 8 0
91 25 2 8 0
75 17 2 9 0
52 33 2 8 0
128 28 2 8 0
3 33 2 8 0
121 25 2 9 0
79 28 3 8 0
98 41 2 8 0
63 20 1 7 0
101 46 2 8 0
75 30 2 8 0
52 46 2 8 0
51 50 2 8 0
128 41 2 8 0
89 49 1 11 0
28 39 2 7 0
72 1 2 8 0
74 47 1 8 0
93 60 2 8 0
51 63 2 9 0
26 6 2 8 0
67 44 2 9 0
28 52 2 8 0
102 1 2 8 0
60 4 2 8 0
104 47 3 8 0
123 60 2 8 0
81 63 2 9 0
53 1 2 8 0
23 58 2 8 0
56 6 2 8 0
97 7 2 9 0
74 60 2 8 0
32 63 2 9 0
90 4 2 8 0
48 7 2 9 0
111 63 2 9 0
50 53 2 8 0
83 1 2 8 0
124 2 2 8 0
41 4 2 8 0
127 7 2 8 0
2 12 2 8 0
62 63 2 9 0
120 4 2 8 0
4 58 2 8 0
78 7 2 8 0
55 23 2 8 0
96 61 2 8 0
113 1 2 8 0
13 63 2 9 0
71 4 2 8 0
112 5 2 8 0
131 18 3 8 0
29 7 2 8 0
6 23 3 8 0
92 63 2 9 0
105 2 2 8 0
124 15 1 8 0
108 7 2 9 0
127 20 2 8 0
25 9 2 8 0
24 13 1 8 0
43 26 3 8 0
1 29 2 8 0
59 7 2 9 0
119 21 2 8 0
77 24 2 8 0
131 31 3 8 0
115 23 2 8 0
54 13 3 8 0
66 23 2 8 0
107 24 2 11 0
126 37 2 8 0
24 26 1 8 0
43 39 2 7 0
1 42 2 8 0
100 21 2 7 0
17 23 2 8 0
58 24 3 11 0
77 37 2 9 1
80 42 2 8 0
54 26 3 8 0
73 39 2 7 0
114 40 2 8 0
31 42 2 8 0
72 43 2 9 0
130 21 2 8 0
88 24 2 8 0
126 50 2 8 0
65 40 2 8 0
49 32 1 8 0
26 48 2 8 0
100 34 2 8 0
102 43 2 8 0
0 32 1 8 0
95 40 2 8 0
12 42 1 8 0
53 43 2 8 0
130 34 2 8 0
129 38 2 8 0
5 2 2 8 0
46 40 2 8 0
49 45 1 8 0
68 58 2 8 0
7 48 1 11 0
26 61 2 8 0
39 0 2 7 0
125 40 2 8 0
42 42 2 8 0
0 45 1 8 0
60 59 2 8 0
118 0 2 7 0
51 10 2 8 0
35 2 2 8 0
56 61 2 8 0
97 62 2 8 0
69 0 2 7 0
129 51 2 8 0
27 3 2 8 0
113 43 2 9 0
90 59 2 8 0
7 61 2 8 0
48 62 2 8 0
20 0 2 7 0
125 53 2 8 0
23 5 2 8 0
124 57 2 8 0
41 59 2 8 0
127 62 2 8 0
25 51 2 8 0
99 0 2 7 0
16 2 2 8 0
57 3 2 8 0
76 16 2 8 0
117 54 2 11 0
120 59 2 8 0
37 61 2 8 0
78 62 2 8 0
50 0 2 7 0
8 3 2 8 0
27 16 2 8 0
30 21 2 7 0
71 59 2 8 0
29 62 2 8 0
103 11 2 8 0
122 24 2 8 0
87 3 2 8 0
4 5 2 8 0
105 57 2 7 0
22 22 2 8 0
108 62 2 8 0
99 13 1 8 0
38 3 2 8 0
76 29 2 8 0
18 24 2 8 0
59 62 2 8 0
110 27 1 11 0
11 21 2 11 0
52 22 2 8 0
3 22 2 8 0
79 17 3 9 0
101 35 2 8 0
91 27 1 9 0
52 35 2 8 0
128 30 2 8 0
86 33 3 11 0
3 35 2 8 0
47 41 2 8 0
79 30 3 8 0
98 43 2 9 0
63 22 2 8 0
101 48 2 8 0
21 25 2 9 0
75 32 2 8 0
74 36 1 8 0
10 51 1 11 0
51 52 2 8 0
128 43 2 8 0
28 41 2 8 0
5 57 2 7 0
104 36 3 8 0
72 3 2 8 0
74 49 1 8 0
93 62 2 8 0
13 39 2 7 0
35 57 2 7 0
69 55 3 7 0
102 3 2 8 0
60 6 2 8 0
104 49 3 8 0
123 62 2 8 0
2 1 2 8 0
23 60 2 8 0
16 57 2 7 0
90 6 2 8 0
131 7 3 8 0
50 55 2 9 1
124 4 2 8 0
8 58 2 8 0
41 6 2 8 0
127 9 2 8 0
11 63 2 9 0
2 14 2 8 0
117 1 2 8 0
120 6 2 8 0
4 60 2 8 0
78 9 2 8 0
97 22 2 8 0
55 25 2 9 0
96 63 2 9 0
38 58 2 8 0
71 6 2 8 0
112 7 2 9 0
131 20 3 8 0
29 9 3 8 0
6 25 3 9 0
105 4 2 8 0
124 17 1 8 0
127 22 2 8 0
126 26 2 8 0
24 15 1 8 0
1 31 2 8 0
100 10 2 8 0
119 23 2 8 0
77 26 2 8 0
115 25 2 9 0
54 15 3 8 0
130 10 2 8 0
66 25 2 8 0
126 39 2 8 0
24 28 1 8 0
1 44 2 8 0
100 23 2 8 0
77 39 2 7 0
54 28 3 8 0
114 42 2 8 0
130 23 2 8 0
65 42 2 8 0
49 34 1 8 0
26 50 2 8 0
125 29 2 8 0
102 45 2 8 0
0 34 1 8 0
95 42 2 8 0
53 45 2 8 0
72 58 2 8 0
47 1 2 8 0
88 39 2 7 0
129 40 2 8 0
5 4 2 8 0
46 42 2 8 0
49 47 1 8 0
26 63 2 9 0
39 2 2 8 0
125 42 2 8 0
102 58 2 8 0
0 47 1 8 0
60 61 2 8 0
118 2 2 8 0
35 4 2 8 0
76 5 2 8 0
117 43 2 9 0
53 58 2 8 0
56 63 2 9 0
69 2 2 8 0
129 53 2 8 0
27 5 2 8 0
90 61 2 8 0
103 0 2 7 0
20 2 2 8 0
106 5 2 8 0
23 7 2 9 0
83 58 2 8 0
124 59 2 8 0
41 61 2 8 0
25 53 2 9 0
99 2 2 8 0
16 4 2 8 0
57 5 2 8 0
117 56 3 7 0
120 61 2 8 0
50 2 2 8 0
8 5 2 8 0
113 58 2 8 0
30 23 2 8 0
71 61 2 8 0
112 62 2 8 0
84 0 2 7 0
103 13 2 8 0
122 26 1 9 0
87 5 2 8 0
4 7 2 8 0
64 21 2 8 0
105 59 2 8 0
22 24 2 8 0
99 15 1 8 0
38 5 2 8 0
57 18 1 11 0
15 21 2 7 0
101 24 2 8 0
75 8 2 8 0
8 18 3 11 0
94 21 2 7 0
52 24 2 8 0
10 27 1 11 0
128 19 2 8 0
45 21 2 7 0
3 24 2 8 0
82 24 2 11 0
101 37 2 9 1
40 27 1 9 0
75 21 2 7 0
33 24 3 11 0
52 37 2 9 1
93 38 2 8 0
128 32 2 8 0
67 22 2 8 0
3 37 2 8 0
89 40 2 8 0
47 43 2 9 0
79 32 3 8 0
63 24 2 8 0
40 40 2 8 0
51 54 2 8 0
70 40 2 8 0
28 43 2 8 0
5 59 2 8 0
21 40 2 8 0
62 41 1 8 0
39 57 2 8 0
14 0 2 7 0
74 51 1 8 0
13 41 2 8 0
32 54 1 11 0
118 57 2 7 0
35 59 2 8 0
92 41 2 8 0
69 57 2 8 0
27 60 2 8 0
44 0 2 7 0
104 51 3 8 0
2 3 2 8 0
20 57 2 7 0
4 49 3 8 0
23 62 2 8 0
36 1 2 8 0
99 57 2 7 0
16 59 2 8 0
57 60 2 8 0
90 8 1 9 0
131 9 3 8 0
50 57 2 7 0
124 6 2 8 0
8 60 2 8 0
127 11 2 8 0
25 0 2 7 0
66 1 2 8 0
2 16 2 8 0
117 3 2 8 0
87 60 2 8 0
120 8 2 9 0
4 62 2 8 0
78 11 2 8 0
17 1 2 8 0
38 60 2 8 0
131 22 3 8 0
29 11 3 8 0
105 6 2 8 0
85 27 1 11 0
126 28 2 8 0
24 17 1 9 0
1 33 2 8 0
100 12 2 8 0
119 25 2 9 0
77 28 2 8 0
112 22 1 8 0
54 17 3 9 0
130 12 2 8 0
126 41 2 8 0
24 30 1 8 0
1 46 2 8 0
100 25 2 8 0
77 41 2 8 0
42 20 1 8 0
61 33 3 11 0
54 30 3 8 0
130 25 2 8 0
49 36 1 8 0
26 52 2 8 0
125 31 2 8 0
102 47 2 8 0
0 36 1 8 0
51 1 2 8 0
53 47 2 8 0
72 60 2 8 0
37 39 2 7 0
129 42 2 8 0
5 6 2 8 0
49 49 1 8 0
81 1 2 8 0
122 2 2 8 0
39 4 2 8 0
125 44 2 8 0
102 60 2 8 0
60 63 2 9 0
32 1 2 8 0
118 4 2 8 0
2 58 2 8 0
35 6 2 8 0
76 7 2 8 0
111 1 2 8 0
69 4 2 8 0
129 55 2 8 0
27 7 2 8 0
90 63 2 9 0
29 53 3 9 0
62 1 2 8 0
103 2 2 8 0
20 4 2 8 0
106 7 2 9 0
124 61 2 8 0
41 63 2 9 0
99 4 2 8 0
57 7 2 9 0
117 58 2 8 0
120 63 2 9 0
92 1 2 8 0
50 4 2 8 0
91 5 2 8 0
8 7 2 9 0
30 25 2 9 0
71 63 2 9 0
84 2 2 8 0
103 15 2 8 0
87 7 2 9 0
4 9 3 8 0
64 23 2 8 0
105 61 2 8 0
3 13 2 8 0
121 5 2 8 0
38 7 2 9 0
98 21 2 7 0
15 23 2 8 0
101 26 2 8 0
75 10 2 8 0
94 23 2 8 0
52 26 2 8 0
128 21 2 8 0
45 23 2 8 0
3 26 2 8 0
22 39 2 7 0
79 21 2 7 0
101 39 2 7 0
75 23 2 8 0
116 24 2 8 0
52 39 2 7 0
93 40 2 8 0
51 43 2 8 0
128 34 2 8 0
67 24 2 8 0
89 42 2 8 0
28 32 2 8 0
79 34 3 8 0
123 40 2 8 0
40 42 2 8 0
81 43 3 9 0
74 40 2 8 0
67 37 3 7 0
70 42 2 8 0
28 45 2 8 0
47 58 2 8 0
5 61 2 8 0
104 40 2 8 0
21 42 2 8 0
62 43 1 9 0
39 59 2 8 0
97 0 2 7 0
14 2 2 8 0
74 53 1 9 0
13 43 2 9 0
118 59 2 8 0
35 61 2 8 0
76 62 2 8 0
48 0 2 7 0
6 3 2 8 0
92 43 2 8 0
50 46 2 8 0
69 59 2 8 0
127 0 2 7 0
27 62 2 8 0
44 2 2 8 0
85 3 2 8 0
104 53 3 9 0
2 5 2 8 0
103 57 2 7 0
20 59 2 8 0
106 62 2 8 0
4 51 3 8 0
78 0 2 7 0
36 3 2 8 0
99 59 2 8 0
16 61 2 8 0
57 62 2 8 0
131 11 3 8 0
29 0 2 7 0
115 3 2 8 0
50 59 2 8 0
124 8 1 8 0
108 0 2 7 0
8 62 2 8 0
127 13 2 8 0
25 2 2 8 0
66 3 2 8 0
2 18 2 8 0
43 19 3 7 0
84 57 2 7 0
1 22 2 8 0
87 62 2 8 0
59 0 2 7 0
78 13 2 8 0
17 3 2 8 0
38 62 2 8 0
131 24 3 8 0
54 6 2 8 0
31 22 3 8 0
126 30 2 8 0
1 35 2 8 0
100 14 2 8 0
77 30 2 8 0
12 22 1 8 0
130 14 2 8 0
107 30 1 11 0
126 43 2 8 0
26 41 2 8 0
100 27 2 8 0
58 30 3 11 0
42 22 2 8 0
61 35 2 11 0
0 25 1 8 0
53 36 2 8 0
56 41 3 8 0
130 27 2 8 0
129 31 2 8 0
125 33 2 8 0
83 36 3 11 0
102 49 2 8 0
0 38 1 8 0
51 3 2 8 0
53 49 2 8 0
72 62 2 8 0
37 41 1 8 0
14 57 2 7 0
129 44 2 8 0
30 1 2 8 0
7 54 1 11 0
81 3 2 8 0
122 4 2 8 0
39 6 2 8 0
125 46 2 8 0
25 44 2 8 0
44 57 2 8 0
118 6 2 8 0
2 60 2 8 0
76 9 2 8 0
111 3 2 8 0
69 6 2 8 0
110 7 2 9 0
27 9 2 8 0
11 1 2 8 0
103 4 2 8 0
20 6 2 8 0
124 63 2 9 0
96 1 2 8 0
25 57 2 7 0
99 6 2 8 0
76 22 2 8 0
117 60 2 8 0
17 58 2 8 0
50 6 2 8 0
91 7 2 8 0
52 15 2 8 0
84 4 2 8 0
103 17 2 9 0
106 22 3 8 0
64 25 2 8 0
105 63 2 9 0
3 15 2 8 0
121 7 2 8 0
79 10 3 8 0
98 23 2 8 0
15 25 2 9 0
101 28 2 8 0
91 20 2 8 0
75 12 2 8 0
94 25 2 8 0
52 28 2 8 0
128 23 2 8 0
45 25 2 9 0
3 28 2 8 0
121 20 2 8 0
79 23 2 8 0
101 41 2 8 0
75 25 2 8 0
74 29 1 8 0
93 42 2 8 0
51 45 2 8 0
128 36 2 8 0
67 26 3 9 0
86 39 2 11 0
28 34 2 8 0
104 29 3 8 0
123 42 2 8 0
40 44 2 9 0
116 39 2 7 0
74 42 2 8 0
51 58 2 8 0
26 1 2 8 0
67 39 2 8 0
111 45 3 11 0
28 47 2 8 0
5 63 2 9 0
104 42 2 8 0
81 58 2 8 0
122 59 2 8 0
39 61 2 8 0
97 2 2 8 0
14 4 2 8 0
55 5 2 8 0
96 43 2 9 0
99 48 1 8 0
32 58 2 8 0
118 61 2 8 0
35 63 2 9 0
131 0 3 7 0
48 2 2 8 0
6 5 2 8 0
92 45 3 9 0
111 58 2 8 0
50 48 2 8 0
69 61 2 8 0
127 2 2 8 0
44 4 2 8 0
85 5 2 8 0
2 7 2 8 0
62 58 2 8 0
103 59 2 8 0
20 61 2 8 0
4 53 3 8 0
78 2 2 8 0
36 5 2 8 0
99 61 2 8 0
112 0 2 7 0
131 13 3 8 0
29 2 2 8 0
115 5 2 8 0
92 58 2 8 0
50 61 2 8 0
91 62 2 8 0
124 10 1 8 0
108 2 2 8 0
127 15 2 8 0
66 5 2 8 0
24 8 1 8 0
43 21 2 8 0
84 59 2 8 0
1 24 2 8 0
59 2 2 8 0
100 3 2 8 0
17 5 2 8 0
80 24 2 8 0
121 62 2 8 0
54 8 3 8 0
73 21 2 7 0
31 24 2 8 0
130 3 2 8 0
126 32 2 8 0
24 21 2 7 0
1 37 2 8 0
100 16 2 8 0
77 32 2 8 0
54 21 2 7 0
12 24 1 8 0
130 16 2 8 0
46 22 2 8 0
49 27 1 8 0
68 40 2 8 0
26 43 2 8 0
125 22 2 8 0
42 24 2 8 0
0 27 1 8 0
19 40 2 8 0
56 43 3 9 0
129 33 2 8 0
49 40 2 8 0
125 35 2 8 0
102 51 2 8 0
0 40 1 8 0
41 41 2 8 0
53 51 2 8 0
37 43 1 9 0
97 57 2 7 0
14 59 2 8 0
129 46 2 8 0
30 3 2 8 0
71 41 2 8 0
48 57 2 7 0
122 6 2 8 0
6 60 2 8 0
23 0 2 7 0
124 52 1 8 0
127 57 2 8 0
25 46 2 8 0
44 59 2 8 0
118 8 2 8 0
2 62 2 8 0
76 11 2 8 0
15 1 2 8 0
18 6 2 8 0
78 57 2 7 0
36 60 2 8 0
69 8 2 9 0
27 11 2 8 0
11 3 2 8 0
29 57 2 7 0
103 6 2 8 0
122 19 3 7 0
4 0 2 7 0
45 1 2 8 0
96 3 2 8 0
108 57 2 7 0
25 59 2 8 0
66 60 2 8 0
99 8 1 8 0
101 17 2 9 0
59 57 2 7 0
17 60 2 8 0
75 1 2 8 0
52 17 2 9 0
84 6 2 8 0
128 12 2 8 0
3 17 2 8 0
79 12 3 8 0
98 25 2 9 0
101 30 2 8 0
91 22 2 8 0
75 14 2 8 0
94 27 3 9 0
52 30 2 8 0
10 33 1 11 0
128 25 2 8 0
70 20 3 7 0
3 30 2 8 0
121 22 2 8 0
79 25 2 8 0
82 30 1 11 0
33 30 3 11 0
74 31 1 8 0
51 47 2 8 0
35 39 1 11 0
28 36 2 8 0
104 31 3 8 0
123 44 2 9 0
116 41 2 8 0
74 44 1 8 0
51 60 2 8 0
16 39 2 7 0
28 49 2 8 0
60 1 2 8 0
104 44 3 8 0
62 47 3 11 0
81 60 2 8 0
122 61 2 8 0
39 63 2 9 0
4 42 2 8 0
97 4 2 8 0
14 6 2 8 0
55 7 2 9 0
99 50 1 8 0
118 63 2 9 0
90 1 2 8 0
131 2 3 8 0
48 4 2 8 0
6 7 2 9 0
111 60 2 8 0
50 50 2 8 0
69 63 2 9 0
127 4 2 8 0
11 58 2 8 0
44 6 2 8 0
85 7 2 9 0
2 9 2 8 0
103 61 2 8 0
20 63 2 9 0
120 1 2 8 0
4 55 3 8 0
78 4 2 8 0
36 7 2 9 0
96 58 2 8 0
99 63 2 9 0
112 2 2 8 0
131 15 3 8 0
29 4 2 8 0
115 7 2 8 0
50 63 2 9 0
108 4 2 8 0
66 7 2 8 0
126 21 2 8 0
24 10 1 8 0
43 23 2 8 0
84 61 2 8 0
1 26 2 8 0
59 4 2 8 0
100 5 2 8 0
17 7 2 9 0
77 21 2 7 0
115 20 2 7 0
54 10 3 8 0
73 23 2 8 0
130 5 2 8 0
126 34 2 8 0
24 23 2 8 0
65 24 2 8 0
1 39 2 8 0
77 34 2 8 0
80 39 2 7 0
54 23 2 8 0
95 24 2 8 0
31 39 3 7 0
72 40 2 8 0
130 18 2 8 0
88 21 2 7 0
46 24 2 8 0
65 37 2 7 0
49 29 1 8 0
68 42 2 8 0
26 45 2 8 0
125 24 2 8 0
42 26 2 8 0
61 39 2 11 0
102 40 2 8 0
0 29 1 8 0
19 42 2 8 0
53 40 2 8 0
129 35 2 8 0
49 42 2 8 0
90 43 2 8 0
26 58 2 8 0
125 37 2 8 0
102 53 2 9 0
0 42 1 8 0
41 43 2 8 0
2 51 2 8 0
76 0 2 7 0
120 43 2 9 0
53 53 2 8 0
56 58 2 8 0
97 59 2 8 0
14 61 2 8 0
55 62 2 8 0
129 48 2 8 0
27 0 2 7 0
113 40 2 8 0
30 5 2 8 0
71 43 2 9 0
29 46 3 8 0
48 59 2 8 0
122 8 3 9 0
106 0 2 7 0
6 62 2 8 0
23 2 2 8 0
64 3 2 8 0
124 54 1 8 0
41 56 2 7 0
127 59 2 8 0
25 48 2 8 0
44 61 2 8 0
85 62 2 8 0
57 0 2 7 0
76 13 2 8 0
15 3 2 8 0
78 59 2 8 0
36 62 2 8 0
8 0 2 7 0
94 3 2 8 0
27 13 2 8 0
11 5 2 8 0
112 57 2 7 0
29 59 2 8 0
103 8 2 8 0
115 62 2 8 0
87 0 2 7 0
4 2 2 8 0
45 3 2 8 0
3 6 2 8 0
108 59 2 8 0
25 61 2 8 0
66 62 2 8 0
38 0 2 7 0
18 21 2 7 0
59 59 2 8 0
17 62 2 8 0
75 3 2 8 0
33 6 2 8 0
128 14 2 8 0
45 16 3 11 0
3 19 2 8 0
89 22 2 8 0
79 14 3 8 0
63 6 2 8 0
101 32 2 8 0
40 22 2 8 0
75 16 2 8 0
52 32 2 8 0
128 27 2 8 0
70 22 2 8 0
28 25 2 8 0
5 41 2 8 0
79 27 3 8 0
21 22 2 8 0
74 33 1 8 0
32 36 1 11 0
51 49 2 8 0
104 33 3 8 0
20 39 2 7 0
74 46 1 8 0
16 41 2 8 0
50 39 2 7 0
60 3 2 8 0
30 60 2 8 0
104 46 3 8 0
103 50 2 8 0
122 63 2 9 0
4 44 3 8 0
23 57 2 7 0
97 6 2 8 0
99 52 1 8 0
131 4 3 8 0
48 6 2 8 0
92 49 3 11 0
50 52 2 8 0
124 1 2 8 0
127 6 2 8 0
11 60 2 8 0
2 11 2 8 0
103 63 2 9 0
1 15 2 8 0
4 57 2 8 0
78 6 2 8 0
119 7 2 8 0
55 22 2 8 0
96 60 2 8 0
112 4 2 8 0
131 17 3 8 0
29 6 2 8 0
115 9 2 9 0
105 1 2 8 0
75 58 2 8 0
108 6 2 8 0
126 23 2 8 0
24 12 1 8 0
43 25 2 8 0
84 63 2 9 0
1 28 2 8 0
100 7 2 8 0
119 20 2 8 0
77 23 2 8 0
61 15 3 11 0
115 22 2 8 0
54 12 3 8 0
73 25 2 9 0
130 7 2 8 0
126 36 2 8 0
24 25 2 8 0
65 26 2 9 0
26 34 2 8 0
77 36 2 8 0
80 41 2 8 0
0 18 1 8 0
54 25 2 8 0
114 39 2 7 0
53 29 2 8 0
72 42 2 8 0
130 20 2 8 0
88 23 2 8 0
107 36 1 11 0
65 39 2 8 0
49 31 1 8 0
68 44 2 9 0
26 47 2 8 0
125 26 2 8 0
102 42 2 8 0
0 31 1 8 0
60 45 1 11 0
95 39 2 7 0
53 42 2 8 0
129 37 2 8 0
46 39 2 7 0
49 44 1 8 0
90 45 1 9 0
125 39 2 8 0
83 42 3 11 0
60 58 2 8 0
25 37 2 9 1
2 53 2 8 0
76 2 2 8 0
117 40 2 8 0
78 48 2 8 0
97 61 2 8 0
14 63 2 9 0
110 0 2 7 0
129 50 2 8 0
27 2 2 8 0
113 42 2 8 0
30 7 2 9 0
90 58 2 8 0
131 59 3 8 0
29 48 3 8 0
48 61 2 8 0
106 2 2 8 0
23 4 2 8 0
64 5 2 8 0
105 43 2 9 0
124 56 1 8 0
108 48 3 11 0
41 58 2 8 0
127 61 2 8 0
25 50 2 8 0
44 63 2 9 0
57 2 2 8 0
76 15 2 8 0
15 5 2 8 0
120 58 2 8 0
78 61 2 8 0
91 0 2 7 0
8 2 2 8 0
94 5 2 8 0
11 7 2 9 0
52 8 2 8 0
71 58 2 8 0
112 59 2 8 0
29 61 2 8 0
103 10 2 8 0
87 2 2 8 0
45 5 2 8 0
3 8 2 8 0
22 21 2 7 0
108 61 2 8 0
121 0 2 7 0
38 2 2 8 0
79 3 2 8 0
101 21 2 7 0
18 23 2 8 0
59 61 2 8 0
100 62 2 8 0
75 5 2 8 0
52 21 2 7 0
109 3 2 8 0
128 16 2 8 0
3 21 2 8 0
89 24 2 8 0
130 62 2 8 0
79 16 3 8 0
63 8 1 8 0
101 34 2 8 0
40 24 2 8 0
74 22 2 8 0
128 29 2 8 0
70 24 2 8 0
28 27 2 8 0
47 40 2 8 0
5 43 2 9 0
63 21 2 8 0
104 22 2 8 0
21 24 2 8 0
74 35 1 8 0
13 25 2 9 0
51 51 2 8 0
28 40 2 8 0
104 35 3 8 0
20 41 2 8 0
99 41 2 8 0
118 54 2 11 0
16 43 2 9 0
76 57 2 7 0
92 38 2 8 0
111 51 3 11 0
50 41 2 8 0
27 57 2 7 0
30 62 2 8 0
2 0 2 7 0
103 52 2 8 0
106 57 2 7 0
4 46 3 8 0
23 59 2 8 0
38 44 1 9 0
57 57 2 7 0
131 6 3 8 0
15 60 2 8 0
50 54 2 8 0
124 3 2 8 0
8 57 2 7 0
127 8 2 8 0
11 62 2 8 0
24 1 2 8 0
1 17 2 8 0
87 57 2 7 0
4 59 2 8 0
45 60 2 8 0
78 8 2 8 0
77 12 2 8 0
38 57 2 8 0
112 6 2 8 0
131 19 3 8 0
54 1 2 8 0
75 60 2 8 0
107 12 1 11 0
126 25 2 8 0
24 14 1 8 0
43 27 3 9 0
1 30 2 8 0
100 9 2 8 0
119 22 2 8 0
58 12 3 11 0
77 25 2 8 0
54 14 3 8 0
130 9 2 8 0
126 38 2 8 0
26 36 2 8 0
100 22 2 8 0
102 31 2 8 0
0 20 1 8 0
114 41 2 8 0
53 31 2 8 0
14 39 2 7 0
88 25 2 9 0
129 26 2 8 0
65 41 2 8 0
49 33 1 8 0
7 36 1 11 0
26 49 2 8 0
125 28 2 8 0
102 44 2 8 0
0 33 1 8 0
60 47 2 11 0
44 39 2 7 0
95 41 2 8 0
53 44 2 8 0
129 39 2 8 0
39 1 2 8 0
125 41 2 8 0
124 45 1 8 0
127 50 2 8 0
60 60 2 8 0
25 39 2 7 0
118 1 2 8 0
2 55 2 8 0
76 4 2 8 0
117 42 2 8 0
78 50 2 8 0
97 63 2 9 0
69 1 2 8 0
110 2 2 8 0
27 4 2 8 0
90 60 2 8 0
131 61 3 8 0
29 50 3 8 0
48 63 2 9 0
106 4 2 8 0
64 7 2 8 0
124 58 2 8 0
127 63 2 9 0
25 52 2 8 0
99 1 2 8 0
57 4 2 8 0
98 5 2 8 0
15 7 2 9 0
101 10 2 8 0
120 60 2 8 0
78 63 2 9 0
91 2 2 8 0
110 15 1 11 0
8 4 2 8 0
94 7 2 9 0
52 10 2 8 0
112 61 2 8 0
29 63 2 9 0
87 4 2 8 0
128 5 2 8 0
45 7 2 9 0
64 20 2 7 0
105 58 2 8 0
3 10 2 8 0
22 23 2 8 0
108 63 2 9 0
121 2 2 8 0
38 4 2 8 0
79 5 2 8 0
101 23 2 8 0
59 63 2 9 0
75 7 2 8 0
52 23 2 8 0
109 5 2 8 0
128 18 2 8 0
67 8 2 9 0
86 21 2 11 0
3 23 2 8 0
89 26 1 9 0
123 24 2 8 0
40 26 1 8 0
116 21 2 8 0
74 24 2 8 0
93 37 2 7 0
10 39 1 11 0
51 40 2 8 0
67 21 2 8 0
89 39 2 7 0
28 29 2 8 0
47 42 2 8 0
63 23 2 8 0
104 24 2 8 0
81 40 3 8 0
39 43 2 8 0
74 37 1 9 1
51 53 2 8 0
35 45 1 11 0
92 27 2 9 0
28 42 2 8 0
69 43 2 8 0
5 58 2 8 0
104 37 3 9 1
62 40 1 8 0
20 43 2 9 0
39 56 2 7 0
55 0 2 7 0
13 40 2 8 0
99 43 2 8 0
35 58 2 8 0
76 59 2 8 0
6 0 2 7 0
92 40 2 8 0
50 43 2 8 0
69 56 3 8 0
27 59 2 8 0
11 51 3 11 0
85 0 2 7 0
2 2 2 8 0
43 3 2 8 0
106 59 2 8 0
4 48 3 8 0
23 61 2 8 0
64 62 2 8 0
36 0 2 7 0
57 59 2 8 0
131 8 3 8 0
115 0 2 7 0
15 62 2 8 0
73 3 2 8 0
91 57 2 7 0
124 5 2 8 0
8 59 2 8 0
94 62 2 8 0
127 10 2 8 0
66 0 2 7 0
126 14 2 8 0
24 3 2 8 0
43 16 2 11 0
1 19 2 8 0
87 59 2 8 0
4 61 2 8 0
45 62 2 8 0
17 0 2 7 0
77 14 2 8 0
121 57 2 7 0
38 59 2 8 0
54 3 2 8 0
12 6 2 8 0
75 62 2 8 0
126 27 2 8 0
24 16 1 8 0
68 22 2 8 0
1 32 2 8 0
109 60 2 8 0
100 11 2 8 0
119 24 2 8 0
77 27 2 8 0
42 6 2 8 0
19 22 2 8 0
54 16 3 8 0
130 11 2 8 0
49 22 2 8 0
125 17 2 8 0
42 19 1 7 0
102 33 2 8 0
0 22 1 8 0
114 43 2 9 0
53 33 2 8 0
37 25 1 9 0
14 41 2 8 0
129 28 2 8 0
49 35 1 8 0
26 51 2 8 0
125 30 2 8 0
102 46 2 8 0
0 35 1 8 0
44 41 2 8 0
2 44 2 8 0
53 46 2 8 0
129 41 2 8 0
90 49 2 11 0
29 39 2 7 0
122 1 2 8 0
124 47 1 8 0
127 52 2 8 0
25 41 2 8 0
118 3 2 8 0
2 57 2 8 0
76 6 2 8 0
18 1 2 8 0
78 52 2 8 0
110 4 2 8 0
27 6 2 8 0
131 63 3 9 0
29 52 3 8 0
103 1 2 8 0
106 6 2 8 0
64 9 2 9 0
124 60 2 8 0
66 55 1 7 0
24 58 2 8 0
57 6 2 8 0
98 7 2 9 0
101 12 2 8 0
91 4 2 8 0
52 12 2 8 0
112 63 2 9 0
10 15 1 11 0
84 1 2 8 0
54 58 2 8 0
87 6 2 8 0
128 7 2 8 0
105 60 2 8 0
3 12 2 8 0
22 25 2 9 0
121 4 2 8 0
79 7 2 8 0
82 12 1 11 0
101 25 2 8 0
75 9 2 8 0
33 12 3 11 0
52 25 2 8 0
93 26 2 8 0
109 7 2 9 0
128 20 2 8 0
3 25 2 8 0
123 26 2 9 0
116 23 2 8 0
74 26 1 8 0
93 39 2 8 0
51 42 2 8 0
67 23 2 8 0
28 31 2 8 0
104 26 3 8 0
123 39 2 7 0
81 42 2 8 0
74 39 2 7 0
32 42 2 11 0
51 55 2 9 1
28 44 2 8 0
27 48 2 8 0
104 39 2 7 0
62 42 1 8 0
39 58 2 8 0
4 37 3 8 0
55 2 2 8 0
96 40 2 8 0
13 42 2 8 0
99 45 1 8 0
118 58 2 8 0
57 48 1 11 0
76 61 2 8 0
6 2 2 8 0
92 42 2 8 0
50 45 2 8 0
69 58 2 8 0
110 59 2 8 0
8 48 3 11 0
27 61 2 8 0
85 2 2 8 0
2 4 2 8 0
43 5 2 8 0
1 8 2 8 0
20 58 2 8 0
106 61 2 8 0
4 50 3 8 0
23 63 2 9 0
119 0 2 7 0
36 2 2 8 0
99 58 2 8 0
57 61 2 8 0
131 10 3 8 0
115 2 2 8 0
73 5 2 8 0
91 59 2 8 0
8 61 2 8 0
66 2 2 8 0
85 15 1 11 0
126 16 2 8 0
24 5 2 8 0
1 21 2 8 0
87 61 2 8 0
100 0 2 7 0
17 2 2 8 0
58 3 2 8 0
77 16 2 8 0
80 21 2 7 0
121 59 2 8 0
38 61 2 8 0
79 62 2 8 0
54 5 2 8 0
114 19 3 7 0
31 21 3 7 0
130 0 2 7 0
88 3 2 8 0
126 29 2 8 0
68 24 2 8 0
109 62 2 8 0
26 27 2 8 0
100 13 2 8 0
77 29 2 8 0
61 21 2 11 0
0 11 1 8 0
19 24 2 8 0
12 21 2 7 0
53 22 2 8 0
130 13 2 8 0
49 24 2 8 0
26 40 2 8 0
125 19 2 8 0
42 21 2 8 0
102 35 2 8 0
0 24 1 8 0
53 35 2 8 0
56 40 3 8 0
14 43 2 9 0
129 30 2 8 0
113 22 2 8 0
49 37 1 9 1
48 41 2 8 0
125 32 2 8 0
102 48 2 8 0
60 51 1 11 0
25 30 2 8 0
44 43 2 8 0
2 46 2 8 0
37 40 1 8 0
78 41 2 8 0
55 57 2 7 0
129 43 2 8 0
30 0 2 7 0
131 52 3 8 0
29 41 2 8 0
122 3 2 8 0
6 57 2 7 0
124 49 1 8 0
127 54 2 8 0
25 43 2 8 0
44 56 3 7 0
85 57 2 7 0
2 59 2 8 0
43 60 2 8 0
76 8 2 8 0
18 3 2 8 0
17 44 1 8 0
36 57 2 7 0
110 6 2 8 0
27 8 2 8 0
11 0 2 7 0
103 3 2 8 0
115 57 2 8 0
73 60 2 8 0
124 62 2 8 0
3 1 2 8 0
108 54 3 11 0
66 57 2 8 0
24 60 2 8 0
101 14 2 8 0
17 57 2 7 0
91 6 2 8 0
33 1 2 8 0
52 14 2 8 0
54 60 2 8 0
128 9 2 8 0
12 63 2 9 0
3 14 2 8 0
130 55 2 8 0
121 6 2 8 0
79 9 3 8 0
98 22 2 8 0
63 1 2 8 0
101 27 2 8 0
42 63 2 9 0
75 11 2 8 0
52 27 2 8 0
51 31 2 8 0
128 22 2 8 0
116 25 2 9 0
74 28 1 8 0
93 41 2 8 0
51 44 2 8 0
67 25 2 8 0
28 33 2 8 0
104 28 3 8 0
123 41 2 8 0
23 39 2 7 0
76 50 2 8 0
50 34 2 8 0
27 50 2 8 0
103 45 2 8 0
122 58 2 8 0
39 60 2 8 0
4 39 2 8 0
97 1 2 8 0
55 4 2 8 0
96 42 2 8 0
99 47 1 8 0
118 60 2 8 0
76 63 2 9 0
48 1 2 8 0
6 4 2 8 0
18 58 2 8 0
92 44 3 8 0
50 47 2 8 0
69 60 2 8 0
110 61 2 8 0
127 1 2 8 0
27 63 2 9 0
85 4 2 8 0
43 7 2 9 0
103 58 2 8 0
1 10 2 8 0
106 63 2 9 0
4 52 3 8 0
78 1 2 8 0
119 2 2 8 0
36 4 2 8 0
77 5 2 8 0
99 60 2 8 0
57 63 2 9 0
131 12 3 8 0
115 4 2 8 0
73 7 2 9 0
91 61 2 8 0
75 53 2 9 0
8 63 2 9 0
108 1 2 8 0
66 4 2 8 0
107 5 2 8 0
126 18 2 8 0
24 7 2 8 0
43 20 3 8 0
84 58 2 8 0
1 23 2 8 0
87 63 2 9 0
100 2 2 8 0
17 4 2 8 0
58 5 2 8 0
80 23 2 8 0
121 61 2 8 0
38 63 2 9 0
54 7 2 8 0
114 21 2 8 0
31 23 3 8 0
72 24 2 8 0
130 2 2 8 0
88 5 2 8 0
107 18 1 11 0
126 31 2 8 0
65 21 2 8 0
49 13 1 8 0
26 29 2 8 0
100 15 2 8 0
58 18 3 11 0
102 24 2 8 0
0 13 1 8 0
95 21 2 7 0
12 23 1 8 0
53 24 2 8 0
130 15 2 8 0
129 19 2 8 0
46 21 2 7 0
49 26 1 8 0
68 39 2 7 0
26 42 2 8 0
125 21 2 8 0
42 23 2 8 0
83 24 3 11 0
102 37 2 9 1
0 26 1 8 0
41 27 2 9 0
53 37 2 9 1
56 42 2 8 0
97 43 2 9 0
129 32 2 8 0
113 24 2 8 0
90 40 2 8 0
7 42 2 11 0
48 43 2 9 0
125 34 2 8 0
124 38 1 8 0
41 40 2 8 0
127 43 2 8 0
25 32 2 8 0
2 48 2 8 0
120 40 2 8 0
37 42 1 8 0
78 43 2 8 0
55 59 2 8 0
30 2 2 8 0
71 40 2 8 0
131 54 3 8 0
29 43 2 8 0
122 5 2 8 0
6 59 2 8 0
64 0 2 7 0
124 51 1 8 0
22 3 2 8 0
127 56 2 8 0
25 45 2 8 0
85 59 2 8 0
2 61 2 8 0
43 62 2 8 0
76 10 2 8 0
15 0 2 7 0
18 5 2 8 0
119 57 2 7 0
36 59 2 8 0
94 0 2 7 0
11 2 2 8 0
52 3 2 8 0
115 59 2 8 0
73 62 2 8 0
45 0 2 7 0
3 3 2 8 0
66 59 2 8 0
24 62 2 8 0
82 3 2 8 0
101 16 2 8 0
100 57 2 7 0
17 59 2 8 0
58 60 2 8 0
91 8 2 9 0
75 0 2 7 0
33 3 2 8 0
52 16 2 8 0
54 62 2 8 0
128 11 2 8 0
3 16 2 8 0
130 57 2 8 0
47 22 2 8 0
88 60 2 8 0
121 8 2 9 0
79 11 3 8 0
63 3 2 8 0
101 29 2 8 0
21 6 2 8 0
74 17 1 9 0
51 33 2 8 0
86 27 3 11 0
28 22 2 8 0
104 17 3 9 0
74 30 1 8 0
93 43 2 9 0
51 46 2 8 0
16 25 2 9 0
111 33 3 11 0
28 35 2 8 0
104 30 3 8 0
123 43 2 8 0
23 41 2 8 0
99 36 1 8 0
35 51 1 11 0
76 52 2 8 0
50 36 2 8 0
27 52 2 8 0
30 57 2 7 0
103 47 2 8 0
122 60 2 8 0
4 41 2 8 0
97 3 2 8 0
55 6 2 8 0
99 49 1 8 0
118 62 2 8 0
38 39 2 7 0
131 1 3 8 0
6 6 2 8 0
18 60 2 8 0
50 49 2 8 0
110 63 2 9 0
127 3 2 8 0
11 57 2 7 0
85 6 2 8 0
126 7 2 8 0
103 60 2 8 0
1 12 2 8 0
4 54 3 8 0
119 4 2 8 0
3 58 2 8 0
36 6 2 8 0
77 7 2 8 0
112 1 2 8 0
115 6 2 8 0
91 63 2 9 0
33 58 2 8 0
66 6 2 8 0
107 7 2 9 0
126 20 2 8 0
24 9 1 8 0
84 60 2 8 0
1 25 2 8 0
100 4 2 8 0
58 7 2 9 0
80 25 2 9 0
121 63 2 9 0
63 58 2 8 0
54 9 3 8 0
114 23 2 8 0
31 25 3 9 0
130 4 2 8 0
88 7 2 9 0
65 23 2 8 0
49 15 1 8 0
7 18 1 11 0
26 31 2 8 0
125 10 2 8 0
102 26 2 8 0
0 15 1 8 0
95 23 2 8 0
53 26 2 8 0
72 39 2 7 0
129 21 2 8 0
46 23 2 8 0
49 28 1 8 0
26 44 2 8 0
125 23 2 8 0
102 39 2 7 0
0 28 1 8 0
117 24 2 8 0
53 39 2 7 0
129 34 2 8 0